3215849
3493640
4667597
994974
6187642
1099529
4147337
6190974
4142312
5930676
3094128
7598570
78743
1841831
1683961
358084
9766132
5481811
3728795
5094511
4023731
8293512
5276788
2540303
1004069
547437
8887476
9611513
6841185
7735856
6441545
57035
1229497
1109142
3568145
9933275
4724807
7715482
8640386
8867118
3646158
4250651
6465688
6241037
6092481
8149648
9115257
8374750
3631459
5360190
5985399
171328
6169839
3778324
2711630
7173907
4325760
4115243
9301557
3683082
1851099
5743102
6256253
5596732
9368380
9824398
8046145
4093188
56018
6686531
2960306
6218312
937183
9425994
4975486
9545800
91780
4090743
7920551
3723239
9450932
3905950
6410703
5620771
7684273
1638470
5310815
4526170
5753712
7128509
8209251
120948
2871611
4465505
5717680
2239992
6806040
3763825
6333179
6862057
2966493
1809622
3080369
3903675
1235616
8055854
3449476
1327396
2146597
3886164
7566771
4113667
308251
3977474
2250575
7992523
5615943
7561390
5034830
3885792
4689899
5760218
4006739
77648
225723
9724418
2317639
7031762
6004380
1166955
6409956
8970873
2976576
9490324
5390685
6728329
62316
1356298
571862
4725050
5242461
654770
8838716
8066848
4632243
1089291
6059371
2764323
1166818
3610338
6650114
5856717
9370556
3172990
5934364
2112416
2897409
768140
9144178
1417926
4451231
8070271
2904936
9943943
7560596
8295621
6672272
139049
2168056
9760270
4864098
9926654
415040
3702814
7993502
7563419
7308242
6569011
2843879
8475059
179349
2010130
6847913
9549904
5183120
2782277
1662321
596666
6066553
3322636
2014591
517784
1392907
4919527
461728
1469640
5731285
9650136
4124826
7899340
1926545
8988923
342132
2341584
5207875
8335634
2421141
5032254
4904645
5265019
3507313
7600130
7275149
355227
7150035
4974406
5653640
1328493
5571071
1720194
7167265
7585661
4754114
1076309
2505188
7731978
5062086
752610
9898252
9186911
1168088
1824797
8175834
1510219
6682517
5899846
9845852
9103657
932100
7266634
6884814
4439413
4866765
6676100
7310776
4532937
1650506
5480553
8377566
7221576
7200746
5544831
4807237
4470998
6621139
9828562
2202976
1683225
3097309
2101228
3386273
4265396
6442161
1562108
5775615
3124679
9978090
5621467
4744473
910191
5404239
1629287
7865740
271004
821524
7692653
7320077
2472029
3173206
5697643
9693604
373953
3758611
7016979
4844950
2895887
9361678
9564062
7095249
2458987
4181428
481522
6724383
623589
4559766
5016135
6264404
4537857
637602
1008878
7964184
6041840
5154301
5829924
8828980
5975825
3522577
8665194
963991
6695782
6878974
3173733
9585871
637585
2706849
6946958
6049609
2068527
6511021
3144858
7043650
692449
3626379
6284170
3832174
702283
1300305
96579
5240139
4454044
3621593
3204323
3012021
8775893
1550384
4357139
7267855
5072960
3022333
747984
4284879
9901307
3921716
3870751
3055029
9144701
3333846
9104637
1213228
9844866
2249495
773015
3053452
8392011
9573322
6885626
9094293
873627
9498341
6850569
7843807
3119934
2571029
855829
1895827
4121412
5212967
1679820
1710509
751437
2427803
8511524
652744
8865655
4898412
6223910
8010356
8232258
5328547
1739721
593262
94180
2512735
6162851
8486190
2086057
3048477
96621
5475821
5062955
9463326
3319628
8182888
2034355
6691593
2594852
8671903
1904560
4274671
2898549
5172134
9218610
1410073
5824877
600403
8824622
4564924
8610758
7056880
9893471
350479
166279
9987650
5379351
6329129
989978
9981544
1893743
1086598
7973502
6956697
3066061
1293131
5139585
7616552
7984723
250575
6288455
2405421
4525245
1703141
7577554
6259993
5629350
5918568
6860395
4453972
483493
7987291
4026989
2893101
8337769
4193268
2880751
6233257
522397
6386865
8730939
2416140
7473462
6704441
9372836
3055660
513709
7028559
672212
1014570
7279133
6960666
3419990
4320515
1179944
3513681
3096645
6809293
1948386
9957040
3779403
4948015
7944331
7806391
357253
8798237
4515796
3238003
7547632
5038193
9624867
6278571
9970469
9614466
2983012
9343305
2670126
3496721
8888001
3342337
4511290
8683271
2819140
447417
3003787
6515220
6477234
8616568
5840651
941757
8573608
9620053
5889772
9034076
9942581
6247024
348452
4458378
2001165
7896083
9496570
4142169
4174654
9467039
6272773
7157665
1326482
1459036
3170523
2730621
7317510
197950
1413892
2652787
645366
6933815
9168007
9638736
5550384
7524795
580494
6640129
7144848
8986402
8190343
9603566
7749563
8538794
4061944
2266865
8951014
6074651
8925171
3125668
8057827
5197944
2799470
1900447
9173116
8486130
4631067
9006763
8684079
8561095
1659551
1845583
5494911
3343695
1484319
3561432
868490
4580949
201561
529475
3567351
908041
133041
3833052
9446834
6711122
6099916
913986
5301910
5025087
4039653
3359738
2739168
9355260
5260184
1912285
7841390
2407388
919048
9041606
968483
5094735
887189
8979530
8438429
4887645
2540962
1823056
9468593
5258660
4868667
3035945
6166700
5001708
9385133
8129672
4228967
5485049
9043657
9530876
510137
5599448
2890614
5765441
4954708
666935
193863
5312235
5590459
1112911
6869978
6558942
8723782
273305
8054609
9678349
5160949
595572
4017542
4629542
5854231
8886209
181624
4537068
3887917
9566756
2666740
633021
7567943
4226535
163897
8078079
9825982
5570648
6359657
7296827
6237582
6553520
5125199
4344179
182568
1995177
903121
8906349
2268481
8957729
1100836
9945566
2069438
5118378
4575109
439806
4004587
7272869
4976874
408641
9355763
159751
1041661
6923706
4386285
1205557
7517922
4212267
9292341
3877579
4025231
8046061
431099
9150429
2390240
3129803
3661744
5809497
2036153
8446361
7283363
5653125
8391928
9352801
771503
5483174
9792606
4776089
2756043
7285617
7700866
2111806
7445368
8742526
1551649
4347790
2464221
9069570
8560057
1756562
2947150
5101425
2318760
5894385
4251855
4708999
9024188
7913598
518496
3576478
6359959
7801859
9229602
7268024
9670797
1106
2751198
1979541
7293331
8023378
9265158
4994198
2651321
9226663
6252861
4202970
3574453
8717081
3272540
4650647
2989781
8735826
9752072
5308540
4630212
6520064
2533677
3654400
4433662
5568309
9747014
3309758
3370168
8976616
577783
3040965
1493859
5845117
7536643
1303328
3868495
6801801
8813662
9035953
8544601
5066523
3238923
2119054
6299742
6511462
9285838
1805660
7763426
1554048
9630336
2393638
8074111
2164013
8564174
5023910
7732322
8311188
849805
3618627
9803941
3943724
9175729
3813938
9788841
6712372
7633402
6173473
6030310
6447064
5209426
4574911
4029724
8448348
9210101
329466
7475948
8495939
4651262
5239374
49987
4281599
149149
640235
8961748
1229460
5664144
9210207
2056785
6513949
2828835
1860726
457673
2004564
8190800
2762651
1233073
5824202
8936124
7263382
4787403
6661687
1838293
8817127
5110036
1048394
1662730
5102121
9544333
6313992
2857632
2110457
3111728
3006780
2750692
2073476
4236239
930973
1283684
6293023
9961058
4112518
669886
418732
8633218
1376824
5697519
9866290
9717162
7149780
7129672
4504566
3811468
1484102
3321693
1437641
2532495
7500559
6539761
4592965
3814551
1913530
6703422
6926278
7436446
1970251
1515892
4188822
5417360
2799575
2997982
5378419
9428229
6184004
8313287
577585
7560827
4010806
443875
7277990
1160587
89684
1782556
7488191
4089922
7620385
8925831
6622416
5120944
7981729
3731519
1451633
9895258
2951078
894048
9847841
4921328
2409939
4036663
338688
7725650
9550781
5717106
7153879
5734785
4030393
247601
3295613
557337
3207612
3089740
4234060
3297295
7388432
1722251
9903353
7524954
648082
6525770
5162035
8629810
257289
6613667
1041206
3208366
7507715
889047
645831
2433791
7441846
3500655
159442
6992627
1733899
9829457
5243549
8280428
77059
1055299
8837764
3284670
4145038
3071824
9098102
4049607
4794074
9001455
1574561
7958292
8043362
6736596
9104239
816788
5866400
2661582
4025153
5890252
6066765
7187120
8324043
3508611
687776
999622
3017375
4937811
829079
8260924
3218239
3422274
9316222
2056004
6706944
5977398
7643964
8321183
27005
4954176
7322638
1601566
5428605
7882138
854299
4532845
8698925
6720698
7194426
5240216
2610951
3261192
2427336
3451131
9285939
5631248
4450752
4819452
569059
7795967
3080376
3787298
1218242
4912735
8359438
441323
890133
8519539
1278643
3433275
3473715
1117418
5034840
8902320
8999555
8405275
5951302
7698481
7642110
5661865
2938697
253061
8923056
7882169
6220328
725134
3513418
3187217
5544585
6598613
983185
1141098
385911
4717563
8569969
1261486
7675022
1976240
9781025
8953664
5409514
5770877
71082
2960491
4673197
9070637
1365766
3140636
9285255
9007875
8802501
4740089
1777074
7725557
2622258
513539
966828
8651812
3700756
9027549
5250426
7200077
2684784
8152473
1917640
1254754
9413959
2108799
3230993
9194984
1062463
8640506
4965861
3649681
1600997
2155196
5236455
5482899
5295831
7037847
4490774
4098332
1777936
8783984
4340027
4400194
9297523
7822991
3052006
2998279
6850541
818569
198356
9535324
8971042
4632132
3306215
8385001
6740930
6537207
96123
319530
7693850
7578120
6485347
9294846
9733315
1721803
7293882
7545284
8759649
1784657
4159753
3053723
3084778
8499779
7453916
2382301
8838908
3022059
7896716
5689449
6356765
8095071
7740910
5327807
5243340
3563263
6228945
4500407
100470
6325067
4819936
310458
6419324
1305284
9605303
6152640
5543223
6899186
6214061
6819009
1199980
373814
9872731
4284757
1389731
9842784
9183195
228639
5380981
7079911
8434224
1737746
7691120
6175134
7065552
2934460
9738396
5810634
7434867
2355004
2135701
4770940
2665461
1071162
8592360
4786901
7223801
4135583
4202224
5953999
3470730
7918340
6327813
3343461
4719235
7717543
5702383
3902430
462319
1083364
982341
8896542
2821109
1189598
7587813
2402798
6640195
9842347
8213431
4075062
4713488
2865269
1362139
7378948
3936430
9954499
4681986
3676369
6606219
1400348
9630367
2593086
9318687
8474317
8452684
4037922
8707997
4155067
456489
9170315
5238430
1438830
8066857
575676
5144564
8170808
5494610
1784759
8013155
6224178
8375957
2726643
9089446
9738096
2621728
5542013
2208733
9819850
1734519
1331089
1220198
1364887
3924175
3055023
2355341
2376859
7092944
1063339
6531925
7549433
233654
4286492
1504400
816649
7378304
6648963
8987456
5389051
8433722
9516748
1613229
9325816
4759528
3218812
9063912
9897392
8760824
3788782
9717242
3011481
5119871
3453578
4376367
9044045
6508600
9247844
3937041
6117681
311183
2985103
6183251
3060974
7271594
7687650
6393759
7166035
6852751
7897352
2555086
7802610
7414100
6684451
7128426
4689765
9903262
8708476
4587157
1180224
2497258
6820536
4191704
7617128
274114
1084208
6661173
9298850
332053
3114351
5416532
3159372
6099453
1599783
6220345
5887184
1803571
5130241
3053219
8656321
3027593
8124441
8975068
2957830
4808892
6103494
7647594
7228291
4811970
4750888
8408515
7309228
1571425
2600219
7442493
4361675
3684427
6619804
3660526
6532616
9734154
9077057
9691987
5833608
3192977
8428470
1720792
4996547
3558711
7290148
6169005
9102441
7930726
5144073
2060271
5255756
3763705
2224003
2484047
8575674
6974890
3408699
8401039
1062452
6008918
8359670
5424127
2209482
4979474
9084652
1258235
4713628
677847
950222
3063373
6386960
1894829
4784165
1383508
7969677
4590450
68650
7072118
2521176
5212723
1648526
7776931
1492565
3872528
2777116
2584376
3363556
6185814
985416
4426007
4710869
9345085
9850133
9436487
6840696
1450923
694722
1554324
4644906
1644944
7133834
1031867
6055909
1917999
4931511
4025586
9024585
7516297
3613841
1545761
5245157
5262367
1838830
6737721
9134894
4615945
9322097
2498450
3317896
2823650
6924457
8028765
4684872
9290727
7465252
1525568
3257788
8159974
5596028
7902693
2321055
2729862
1450697
893101
7163997
8898344
4918687
6188582
6414642
8532527
250481
1659799
6311031
2089310
8397520
5445926
9221391
7719617
460513
5055424
543267
9901106
3084189
5228138
1707972
3065579
9269842
4965759
3741690
4865870
5384589
8578881
7595732
6835286
9471981
4759729
5733630
6906805
3464449
2148272
7955470
3714929
3808071
4266501
5804238
4721728
2228564
7541766
2441345
2689077
2597190
5500748
5106320
8197516
3245023
6814291
1263095
5031002
1780050
7520921
9896871
7164639
6099802
8741
6516062
8087920
7284607
2249692
4994726
749056
4397964
5466333
4463984
722172
9732833
2784359
7960036
1961398
326125
2917518
4650474
5439451
8418265
2272931
3636967
4179425
9087222
7416198
9210426
867272
7453256
1623435
548048
3553058
4148313
7064109
4157116
1432920
9313801
1667979
4698112
6227902
7134311
1678233
9466210
9383281
4462591
7426246
1344679
7304852
343764
8511289
5260440
1278166
784221
8897407
7973727
9871442
8829742
9700290
3254851
6282999
3839862
6319036
2352194
7988174
3383145
6509309
9421093
5213083
693425
6635342
3957122
343873
8313574
5939469
9727154
5292302
5881852
1071833
2597154
6225615
9583122
373732
19918
367343
9271138
509782
2754922
617018
210072
6009772
6900016
4049934
2328808
9252210
2038108
8228090
8277656
3975339
5957310
8971081
3126818
9914432
9314953
1440393
5853901
9042107
6732694
4251891
2630078
1845986
477506
4729337
2219717
3013561
7612816
4006992
3523342
367738
4624009
6249551
8893646
1524026
299485
3738592
3292373
4853729
4482819
1570029
1345205
440129
3057247
6988160
2870698
4888338
8428552
8724599
6446582
7677383
2976490
9076659
2039506
5970132
3805996
6775359
1499830
3934949
782351
7539309
4302686
7922497
3788860
5712470
1962660
6604481
1967199
7771169
3974347
6450017
9341197
7835689
6890145
4914582
4823849
9760843
9802919
3252401
1001580
8765638
3445921
6494206
358436
5485427
4980475
6680568
4776923
6480305
615518
8075411
6535751
7434340
5997908
324611
3146810
476705
6929091
5114008
8247873
3419575
1564025
105208
1255264
970308
5019789
6079112
731151
7338845
1847650
4248867
6104484
5293571
3259210
8979056
3295135
8239684
5659624
8072057
7236126
6275141
6147468
3771877
3709482
4661513
6612624
9372428
5138217
6057852
4486437
5902227
9477427
8566598
6007435
732691
9536905
3543361
6811803
2784193
882207
1175590
9549196
9502827
6469160
2808406
8481883
2280432
3564228
6657644
352490
800354
2932786
9016094
7088368
9158404
6193745
3700992
8530832
1331962
9758844
5533406
9750326
1752409
6616142
5757761
2485099
8669184
9301121
1813039
3969515
2699465
2988629
3518711
4718429
1973926
8843254
3200312
4254358
2407482
2374094
7122984
5723972
5306879
8655215
5328477
6981420
4848960
9029469
8028389
8697059
1304451
6077933
8447385
5572996
2694075
4205146
8058094
1363259
6022404
2387271
7848910
8721869
7892036
1367622
3440298
9865961
2727013
9156747
6636456
5134494
1530841
6275577
3374603
9353856
4930793
8703080
8851413
2295890
248687
9395939
992949
4069274
5473872
1956471
9642269
684084
6161616
7700363
2047343
4700158
2603771
2412390
5938164
495807
3780011
1894599
2877906
9023160
3567483
2030499
4157654
7614460
822214
48395
9484453
8269143
8751474
8335866
565033
1516298
7731806
4074119
5585571
5721815
6030589
5227840
6405899
2192206
5444340
969379
9408500
8048111
3381768
5346664
1060055
7161779
9757399
6454097
6184939
3324883
1000734
2858731
3455480
1822947
5423262
2939934
92090
6690873
1275800
657122
8207170
1523743
4731240
3792741
7245558
761830
9020580
3651457
5470172
4464920
4620835
7394809
5029168
518740
5257610
8605360
7680518
5015009
7575594
6381595
856029
8576327
1756463
4311509
399274
9695861
7251442
3007500
6386734
1043379
6180759
4593904
2567122
3428136
8386644
2328817
4189965
9923361
8496410
2176274
6904418
5633382
2087220
1933587
6152121
7344829
3055084
6348777
4875976
630678
5246509
5732004
9207005
9519108
43513
2122416
9214969
9811091
5129916
5601703
854471
1310675
195607
5937729
4738810
1098388
782683
1444913
1021749
9279092
6137323
7926166
7428611
8224543
2375890
6096869
8085509
5430973
2445646
2961485
8577788
7692154
8693489
7784793
9727399
1253139
2423346
8942368
1064231
7553261
4544071
4434838
1380073
7255814
372567
6118883
8354201
3671386
79933
1892087
5466615
8733392
9818253
2895226
6957935
4710280
8992094
5043445
2657391
3953878
8004929
1235179
4162169
9214555
9019971
3889569
467695
3959454
2831937
4048062
1512716
9892145
8482899
5408925
9664096
1371603
4043945
534436
7559125
4123877
2426522
3025740
2857270
4760912
8437102
2331342
9471192
7429196
9890923
2128583
3899211
411991
3363761
8061380
9626545
4899869
4467086
2610377
8859322
7299022
6658438
2888175
9707304
7657474
8297100
9371401
1545214
2341045
2421974
9104338
8981059
4848495
2130078
4354466
9609407
567180
6685807
1596737
512514
9092868
3725319
6927861
9504858
9605216
4989241
1647541
7021222
9456326
4257918
5880544
9271486
3432493
1284857
1494928
3606105
9581956
3382466
5151318
4439138
5804439
6771794
3420197
652935
8901871
7774662
2778479
1985189
6976607
4375215
5013839
6069475
616671
1941700
5574333
2738024
9447078
7221873
9759245
1419542
3995928
5639789
3207165
9944558
9440782
4702093
3550663
9022738
600696
1218118
5978014
6405135
7989911
9398210
9574206
9407920
7172873
2352685
3909246
6665617
9244036
8923084
2735092
2376844
3380921
8309424
5114867
5344136
8047434
4874112
6763678
2043363
3030038
9970842
1987921
2470821
7189072
8054720
4009696
7789768
9272837
9987709
4194903
7262749
1902058
6285246
6670669
1591068
1154068
579915
8256684
398104
2019136
991776
5291084
7916193
9301199
2922088
3260330
9864770
7796199
24008
1908133
3342374
2510987
6412190
8329331
9700059
4466910
2339028
7489827
3739748
4842874
4200867
3518634
6744931
486113
189303
8335998
1640180
3285354
9108819
4554420
7820626
100595
2361641
5736819
1917931
5283728
8997148
1782702
5596064
1537293
6206971
8938437
4048280
2619162
7267769
3748339
7086071
2122934
3754303
3341956
9481944
471307
6860589
8743013
957419
9566028
7079011
5113735
2851382
6187831
9668154
3188145
8804562
2029795
1441102
722494
9829659
438250
5021332
5425723
4491680
1228303
4364160
8539959
3847464
4148066
4804435
933536
8787136
1074875
6791628
785219
1546181
3652218
9528231
2503599
3218246
9123379
133471
8585765
5311210
9801624
1773910
6631910
4347556
3215011
7354403
4177215
6169398
2375735
9602937
661078
6120174
6483234
1717174
9967638
3147438
6521608
3417311
4450711
7596482
208939
5235929
9142662
3861156
4764160
4162398
9595539
3887540
4295868
8181304
1714887
6613629
2471351
8346796
3477322
8202499
8217336
170674
4371897
3109208
2289748
7549111
9229382
8772981
1782422
9197020
4436556
8304029
5130468
8887267
8416648
5339406
4123196
75448
1716700
1403494
6753982
1312239
5291033
3565987
9493542
9522056
179616
1964893
7868853
6173074
2683529
8602326
6343747
7055425
1711535
8633494
7120673
3457054
7406475
8903094
5170211
4359169
9723260
300679
3246436
656046
8156221
9885768
3247630
2389058
3805399
1612
3701296
9096431
6083735
5710975
8618488
6263350
192006
9003478
2436424
2875534
7605804
8780170
2447097
1833476
9929801
9567769
7806666
9852414
987002
2976877
4211583
3226399
5793692
9974155
3882445
3949914
2376061
9646211
6338971
6181460
2163961
2556405
5277891
8247695
8267379
6412516
4511046
975522
5415994
9463606
3851056
5537936
759915
6298152
9887548
689716
8382058
7694215
542130
1885197
671092
7269849
7627733
6464784
7244004
4026315
2930835
9620065
3672526
1785943
5801525
5836486
4342347
3595553
4084182
5125864
8070
1111365
6101385
7940200
3091108
9952440
5994273
3851022
8766729
5881822
7056875
9664925
3576037
115142
4066259
6763265
9901128
1693992
5744186
7145132
5720306
1191158
9281334
9392832
2977101
5082859
7745455
9835584
1194550
1829637
4961448
1202619
5457138
3578971
1658956
8548246
6047548
7653229
4915405
7330415
3535051
4488417
6995340
9627224
4603559
3577736
8906626
7020824
5271728
4650813
4165956
992034
5841970
3447291
2901003
1335208
1046287
646459
1170793
2240836
4992232
8648377
5959591
449371
2227348
7618547
8997616
791034
7787913
3913021
8121448
3839101
917576
7632925
3466325
5521134
1210661
4889088
5058095
6482388
9539900
9224050
9990559
7898008
5187478
5407699
9233215
8749902
6054157
2920145
3506875
3562527
4084660
9466466
4011897
8828144
9601150
5525650
9619177
9905200
1954808
7740625
3744301
2872383
7889687
9726762
909654
9100348
4615850
5967748
8098873
6671888
7707936
605570
4569896
5411551
6013269
6319248
4161453
4583563
1755531
184466
8146089
5840190
9650931
4674123
4668334
1768219
199773
6803649
1673419
4670718
7060411
7933856
7543100
4950099
7660618
8452754
4050447
4792605
4420502
4665457
1464493
4644575
5271027
8550525
56127
1284296
4869774
4217579
8383995
6625304
4402044
6530085
4981631
6569112
3720345
2166102
853468
6436255
8969750
5043023
1106973
6030162
2976879
8650072
980261
3153634
9618963
7546844
462377
6555603
4728438
1926869
1200178
9999464
2993532
1256304
3799897
7863305
7990020
2183893
7004746
4908201
1230115
4502514
3993451
4950459
6668615
4846918
3902851
8154503
2406079
5009823
4184665
7899094
6176033
7681062
3568866
8311133
7744043
4031242
4866736
2472481
8474247
8583051
2471946
1467779
9839354
6271842
1847221
345512
971872
8851966
7769850
2201986
5870617
1763301
9668582
2539233
9126355
6087570
693736
1532434
3613531
7394537
9431528
9789563
5075599
3000394
8100696
5335779
9547772
5483570
7808259
8022019
4066621
2796342
9489798
6422112
9068184
1337019
9283761
2556193
2705123
7053611
7274316
8575739
8816911
9459035
3631109
7943266
5546605
6840981
1991838
9160135
4235518
3939503
1465836
1827254
6939896
2082670
7163032
6487668
7566239
7487429
4509687
4148997
283771
6515622
3087246
1868092
7852641
2371007
4424285
557764
9424617
1698601
1649640
8241528
3673773
5280749
8700932
9220377
2121730
692770
896651
8873385
4632272
2362486
3216776
4088305
6961292
2895946
3092110
7043668
383375
117934
1192665
667145
6633556
4279911
2535237
7002334
6650917
6959521
7560097
6075535
1174259
1725874
6833200
4848031
7006622
8050269
6584545
1644490
1259176
7481195
3034012
5891447
2359819
6250787
2495889
9321110
9146732
8104135
6364779
9530106
738207
73581
2713389
7371762
4353491
5248625
6890233
3520546
4724283
6966467
2112218
5898541
8692340
1461555
3262709
8215100
9511824
2363391
9859589
771000
9844586
2893601
9178584
4720542
1660525
4190610
4041652
3323395
2294746
2922568
2853501
3032952
2996149
8083026
2920851
9865776
3331651
9811083
5902459
8055933
6777550
8014676
6470611
5469890
9476231
2249457
3684990
1504193
4612848
6060716
2275192
6973571
1470454
1453776
1694113
5647116
5644386
8251901
8970510
455269
1174470
4340148
6004357
6686755
2423175
8925207
6552531
5754825
1252428
2454991
6326896
8029977
2985804
5313644
6016004
4978172
7563101
2217132
6482364
4692086
793985
8757556
1665657
2264439
2727469
3359769
7911554
887992
1611670
6882064
1343260
5302276
3738349
7347616
1989031
6161523
8788960
1057700
4432486
41388
6028827
759382
587502
9014630
6073025
9119643
6508940
6152263
1336775
2991304
844349
2130759
1748860
2510005
6911334
4476329
8385910
4822888
7880457
9997580
4221089
9223717
7815993
7959438
9087470
9805024
4120961
392569
3378861
1069584
2950093
9407687
1828965
3537595
938455
418128
2657238
7447394
6570390
6510149
438699
9930876
8640907
4703695
4957018
5552242
1696161
3342929
2891267
9576618
3340509
7112356
1316473
3672639
7587931
2920080
3477663
4225029
3312648
9372660
5294613
6262741
1296485
7123577
2316473
2234940
57842
4973710
2198471
9144369
3999996
5153306
9075245
2640903
2373139
4032263
709282
4069299
7375191
3600549
6162054
3231837
3229042
7478526
9420613
816973
2914744
5414413
5042001
6227391
4787074
336614
5006269
6083558
9976328
9838878
834635
2550307
7328725
5549243
1694676
1328721
3218686
3286058
3969624
5591824
7318321
4678905
9661123
7209649
795591
5823177
2957624
4024632
5817841
2378237
7357741
8732584
7792649
2399743
7476112
5095860
5252493
4998519
1179419
7744958
4837397
4530190
295266
2166123
79433
1989941
3494843
3298119
5275999
7464466
1406080
5110457
4659509
1067203
4836243
7971236
9406517
310004
4512006
7740495
5204377
1869747
8989216
5513164
4269489
6465328
609024
2038120
1463847
4304579
9783077
8817381
8834769
2594480
983504
1430339
7100558
4478346
7244594
4892694
4458950
8650674
3151
1634596
2234014
7355530
9605831
4156668
181672
6633974
1897163
5386048
8503721
886379
3415349
5289347
9867844
4024373
7327466
3847828
845089
9626681
2665209
2195995
4737298
3648712
6142471
1837856
643196
3387065
6730549
5102145
2037739
6733699
9252877
6787890
6605367
1374846
944558
6787038
8008820
5357858
4689223
6512541
6244236
620710
1801888
8628217
7161219
1645492
2476046
8006307
3788310
5141254
2718440
8525607
1306104
8860910
363464
1949299
2247975
7094012
9567580
6801851
6343849
1336595
3589741
5465353
2711440
7050435
4768528
720260
2408293
1973888
9748937
1168667
2594597
4066963
9796883
9755815
8228591
4789066
7762123
2016901
2446458
480563
3058645
3752561
9341472
3422108
8217996
4105584
3032258
301714
3423572
1892244
1638308
7013312
7357596
4349747
4063748
2126124
7586144
8988177
4100011
9851218
156844
6694608
3918181
2469865
6450423
2146772
7258930
6728683
6679809
9705387
9725382
9738454
5974085
1582992
5676699
6708218
5688576
8708956
7009931
9112147
3117337
8648238
8641597
474933
5514123
5221482
2601056
5616404
6725796
9217204
5467622
6882640
8427949
1901941
9352504
7394509
4048712
9127571
6639330
3244659
1349097
6364712
5499250
9839318
463842
1175949
6547537
8668554
2401043
3557468
296839
5518379
4721844
8938435
8509449
2752104
6676054
3626642
8368507
3401851
2843846
6352266
2800628
3787932
8254206
4669269
1182442
4819056
3796840
7821771
8063714
7662073
6702620
3562964
7501392
7166461
7255049
4048929
5835015
2172229
122534
6131854
206746
7360514
7586426
8716194
112618
6778618
2342836
997262
2696606
5186682
9865665
5497233
8974613
8119871
2682639
2673192
2938927
6479478
494963
3518778
4141552
9713720
9597878
4159081
6880181
9369065
8208009
5231334
1541294
8330542
3879325
1748039
8207194
3981888
464233
835949
3276643
5323206
1833211
5973248
509888
1698876
3986618
2000638
2334884
6669256
7189967
5273811
5664872
201067
1308726
2322561
9914786
906605
6481641
9311105
2791807
7205787
4542439
4333100
8052466
937901
8597276
6259660
4919788
9061508
7095609
8196431
4384714
8928819
6685816
7410738
3143832
672435
1927514
5478715
9857827
9117480
3268663
8038836
9318546
7093526
361397
1749471
516268
9359174
1060576
3308074
6564961
8119151
7641173
4617428
9057051
6238449
877088
6492976
7816095
488834
7205544
4716946
1933790
3891361
2127685
5077621
7079932
6571335
3072474
6937759
8204952
8857273
7492733
39636
5950799
7854129
1789106
6467066
7213304
5365818
9775139
6294402
3484969
9932450
911830
5058157
6170899
4305055
1551134
6503131
7310025
8756677
1220078
9243815
5164175
5863899
6837573
2244107
2435234
9910046
1698004
3156323
1283458
9190736
3195958
7234256
9561002
7501201
6217460
9290443
2867019
5992599
5584846
8868125
8441186
9012812
3926282
7128223
5834004
7993552
3631354
3144030
6750230
7367568
2387845
4430542
3231467
1741555
6674649
8182837
1651602
888790
1339160
5451196
2595663
4535118
2685452
2156665
2036319
8902911
1447109
7419474
7411648
9548091
6287599
8368971
8560903
213882
5497194
6911045
8207433
9128548
2571212
7473800
6496116
7475193
1904343
2243721
9216747
1095129
426558
3384486
1983918
1765718
8835681
4579580
8816972
4037271
6736244
3369428
5456319
699490
788902
5384104
247581
9592638
3753076
1324622
9806519
9250269
751804
530090
894955
3323015
8003890
9907208
798208
2424370
2150929
14955
3519498
5093623
3399441
8019552
9375477
4751259
2599132
8192449
8788529
1851513
4078014
4244849
5067140
7383053
9628952
7830857
6975691
5898165
9155478
6782210
5148435
2423419
9828436
6043389
5746433
7832326
5950597
6544640
2772833
617663
9075732
6292330
5711286
4991310
4311882
5086763
9742568
9427150
5795350
1047236
1278664
9873363
7808221
8861940
9772553
9953310
6692797
6748244
5851476
8364413
6046591
999911
787832
5875028
9559436
6534265
6223491
8026171
5595042
8996324
8643833
4670774
5288654
6871256
2178221
2116674
4474157
1920790
1543824
269507
5484162
5338624
2659007
3292383
4200564
2431561
3245693
893362
9179804
9097168
1773912
7742533
2613216
2561743
3617561
2172653
9096007
9841051
198824
4691050
1353513
1358794
1877961
6642167
746188
4056182
1274978
5220344
8493108
5334938
5489850
3977270
673563
664994
9785789
7390263
3096554
3031482
799762
4792496
4644788
2573673
5051166
7258003
5135416
8668726
1946793
4231423
1025915
4661753
1438610
2379428
6020547
3316571
1537732
9282871
9888889
2812709
4503215
8381997
8147646
9993064
2359267
1337346
3174195
2145056
8727609
8786886
7692674
9527370
6095519
2337462
4617181
1146685
2111603
9752596
9815410
4058395
6500156
3357462
8720148
7938766
5736889
7256832
3771474
9790757
9055840
3660363
5119603
3559055
2042360
5783387
6068256
6917763
7120732
9242450
1578956
8364478
8029336
9271629
407987
4124855
4125229
5025167
5271539
8752968
4777763
7603086
2811363
1277919
960549
4047648
1732822
9213574
3820617
5504295
9004332
2876457
1680795
4123935
6435511
6239291
9907321
5019904
5673191
9544191
4262355
7252146
7908669
4807828
9039913
8316655
8932683
5681279
3341822
6720359
4434247
635722
4323446
7245609
4429778
5283994
3809395
6162599
4497568
146149
4183032
6018037
5538743
8379963
141973
4490391
4619255
2565431
9510295
2808583
2109622
3772650
60730
2534429
8580477
1616780
851084
29298
7298058
6709043
6749657
1732305
9860901
3589240
1494051
4290679
8873233
7819582
453279
5886938
7965731
7152447
4421113
3504474
5532410
4563085
511002
2667802
9644652
21297
5476385
1754275
6310083
8053251
6804840
7406698
9670030
7655923
7435995
6968088
6881103
6701789
1216530
6742005
291029
2710580
3548821
1680399
530163
6518236
83475
8495893
3670683
4504587
4516504
1719231
1583809
5027505
6903169
1228461
7564939
4895691
5498872
3875022
2948942
2303712
3797857
5135109
2475773
3749990
4619334
1873013
451779
5835863
8615017
3258945
8546443
4679976
4939343
1592743
1198212
5022817
2604773
7385032
9527403
7121276
1620400
3627349
4664918
8523568
4855810
4745994
3419260
354682
1137154
8884338
5174531
4935010
4019448
7650303
8684999
8638781
9523315
9136778
6990782
654471
4911860
5537225
7850583
9851202
7129967
9048794
7390157
2250877
6433826
9433697
1888290
8054225
3061047
6553207
9093931
7916856
3815339
2513191
787675
4952492
3913666
5962205
9887501
449251
6128645
8572501
9088032
8168098
225417
6078814
1338706
5137276
4132176
9189288
7504615
3778280
8238082
4894772
6029156
7188046
4328470
7917445
7758408
7389516
6986789
6852339
7822509
802128
1881667
1126321
5754619
5795333
7088526
8158258
6244583
5733308
9246896
7848752
3901406
1988450
6443703
5240111
9641862
3092016
4429399
7146477
6870295
5183619
4557387
5415588
2371665
1401994
5849170
130073
1307647
2835960
9498549
9130155
6154224
1380216
256476
4424981
9691685
9861138
2583239
8452406
8110584
1830135
8817295
2011990
6334721
7777136
9768238
5976583
869152
6713774
5639197
255585
1897393
196584
5671172
4269057
1598577
1520343
6915267
2906223
6872439
8929953
4552515
3026663
310169
7325128
9967780
2517992
7186266
2551019
3486535
5296850
6897290
2303830
9824977
3232011
80966
9593215
1724731
3466255
6306989
7363928
3721839
720520
76649
1909148
4989576
4191363
5945627
4420980
7097585
5334203
3350933
4166238
877004
6177239
1491366
844784
1211368
1193769
3395803
4697902
6490619
2809230
9517868
8831733
8557378
2114972
8424948
282109
8097363
7248074
162174
1819202
7968593
238823
6244486
5474307
4430185
2190114
2411424
4043907
7524316
8278494
726282
8401319
4455733
2217647
9246103
8183237
3411416
5158043
5397276
2418172
7967272
7431281
1249905
9040787
9546252
2190990
1839034
7643615
9439063
2001207
1978954
9923794
4756166
8223440
7914238
9186350
413554
325662
5746395
454007
1120293
6472676
8855326
8092162
8690323
617567
6275399
4617876
5775609
1672675
7036047
6259018
1620094
802089
7815943
1166346
2993078
9654976
1326099
4948278
1656183
5821189
7388209
6412349
4044629
5302447
8114836
6974319
8144246
3861231
9944463
9264538
2850045
8799789
7356701
4056505
1933493
6148237
8674380
225239
337050
8226564
9000393
1957143
9028652
6816336
5639625
4537867
6471312
6965723
2002282
643633
5303050
9390491
9572118
9347678
4692938
7686954
8838135
5353321
4064323
8782598
4617860
6914367
98525
4490698
3487009
2032017
638935
4677526
4773392
975984
2904090
3773785
5449263
4448879
3106259
1088889
1502883
9577570
570749
3505164
2737340
5873798
2895655
2309458
7737614
104731
2512550
6575749
5458051
6576872
7874484
2592048
6007376
489146
7082745
9494384
5037299
237818
6688047
9810690
3729938
9592136
6100612
9179201
6557152
9206870
268090
8060034
1300579
838838
4081335
4037918
9228773
6976990
8863513
6966387
7081720
1376063
6058273
5055908
7952934
6448894
7647956
6476447
6938039
7246838
8486968
1975338
793
5175015
1786028
3730731
7283288
7886639
5426069
6356577
9609647
8210295
4416611
910226
9049132
1014083
4948143
794043
7991072
3811656
7760429
7588929
5187718
6334839
2644838
5656789
2783733
2808931
4649373
2237909
2571906
3136341
4213246
5088836
827493
8515410
8819566
626918
8918187
6761772
6983494
8527834
4972067
3916242
9438059
6537336
4930325
6902339
7331379
2921397
3230133
7607945
3026464
8417850
6458922
8187438
6590777
9242654
3512506
3756287
1480564
8600548
9408765
8209946
3689384
236258
6725357
863176
5643544
1786859
362807
6687515
6758925
4279049
8641711
3296262
9209373
5544050
3143778
4646907
8774182
751723
189508
9708170
7210644
8376945
8815084
8969436
1889451
2571371
2966137
490000
1980136
1176083
6695520
4732531
417577
1720608
8111843
8577257
3507466
8474649
5264772
2782529
2753698
3906483
6078790
4479208
1966671
1738705
1642253
740853
5006564
1831760
2965160
4733346
2724843
1780244
3702782
7130430
6867752
9185055
7620429
8847887
2877275
6832087
6096555
3294852
8552694
4208398
1872109
2060160
2683048
9653018
4842688
7952882
3559501
3437615
4948228
8042308
7692456
6590480
1299299
2699021
938377
4264458
7432366
3663219
8560839
3651285
793650
5428591
5352477
930216
4276478
8229751
7762302
373034
1524603
6314996
7097568
5912849
891294
2296753
5565867
8250118
249636
1641505
4203871
7714000
9683813
1896327
4304480
983112
7111484
7758993
5247569
4543850
1422213
3808408
711272
2215862
9236998
6063748
3146077
6029614
4293500
3424517
8918784
8334239
2255650
8532489
4247088
3146943
829243
9812954
3913199
3595015
1454460
8117069
1309015
1138273
2529533
8129631
4637521
9641017
5888624
2401227
6701004
9826973
6209635
7412276
2042835
7962770
3476024
7705049
6508521
285661
3645703
7943442
8619900
5901352
6475932
2866988
9048295
7305174
5196080
2961494
3416326
6650539
3594700
4725340
304949
6124232
5371108
7458606
5765249
1259732
9859832
2466254
1086706
8585604
2394667
5645677
9064512
8386827
5866863
5573033
8672488
9512565
6032613
9808525
5413918
2508545
5191650
6978350
2329856
387730
2455981
5746181
9554405
6050680
2987658
2375491
4691049
8358765
9834096
456299
2134634
9693929
5438689
3221339
795671
7833355
1383154
9860182
6220182
7250016
7949353
7408807
6762582
3981966
9733469
4692637
9006647
4925120
1670987
3852640
7828986
4126967
2114958
9899529
2693784
5102615
2275020
7384832
5977517
4625254
357268
8112150
6835320
5795956
3849627
7630990
6145448
5232780
7491173
4881768
2482796
5440526
2290575
1761515
1938629
4540182
6454151
945276
9465301
641275
7314052
9810424
4768241
9429009
9709953
7462024
7047761
4501111
7362994
3025278
9126364
7720261
1137428
5961684
6032355
7503191
6108811
2177803
2735971
3599984
9575707
7734904
1556647
4382420
9496418
3495275
8922601
8466707
6956687
8387902
9107981
4270739
714464
6392360
3699748
424418
6370521
747509
4925528
3733515
6288923
6568029
3969914
9942488
5045850
2269
7445679
1154661
4696208
2697788
4754645
4271916
432692
8827428
8654335
2445247
2322704
7576936
3428091
1795528
8480975
2536073
6066267
9195438
8928432
2282152
2135993
7815090
3029661
9577657
1548606
1834721
6145686
5518519
1777209
1191536
8036924
9222888
2346197
2733132
1920676
9616978
7005047
4869504
8444406
5659382
9830887
3283247
5752455
3258979
5078775
4233430
5795051
1145042
5945006
7239620
5943330
8080998
5054710
8972990
7658656
9119452
3323849
3804342
7154108
5101057
7512015
5191032
6840082
9858211
7924164
1276895
9475189
7445348
6146398
435733
5620868
5977286
3718980
1373323
9236264
1313892
8122890
7547452
4975070
4067896
7303209
918400
2148894
2357919
2407528
9807549
1477372
5731376
6128029
8631479
832433
3640044
6338649
7672515
3498255
6778950
8949409
5489581
4224298
7611945
8441450
9845165
6105368
2160430
3734626
7857769
5990458
1857516
5405221
965528
8441548
2708430
1883928
590442
7582485
4291455
2914129
1575994
22831
9042157
2723611
3371400
2682201
9062259
1043915
8696592
5841209
2509462
6702310
2581644
121407
5143760
4942947
8742911
9820327
8677572
6600680
5810785
3051225
4522038
6776313
4008910
7230467
1176378
4599351
7329089
5467832
29617
8905083
8006799
9071773
1628694
1378199
4270111
3207090
2422114
5482840
1564436
7447712
4701287
4146079
85256
9845047
9089025
8828166
2181512
282735
5428846
508434
5850096
9950883
9800883
9859005
9697487
977261
6974494
9542713
8961229
7004110
8447796
6968028
8592021
2592627
8346227
5378269
8315853
3284478
861110
9880288
3248327
8078533
4026368
3333582
439718
5631530
2161748
2621229
5914265
106731
5645800
4280498
2573751
5446683
4139504
4787375
8940081
3630135
4330088
7901310
634245
5294022
7385476
1742403
402786
8247840
7120672
8718639
1532318
497919
1115065
4780644
8576451
5141432
630363
9016169
3289100
5308247
4153535
1719502
5414977
9799334
5999999
504865
5246018
2655640
7808376
4186099
6285774
4654601
4603546
9436156
2464760
1989022
1178559
2867546
236862
815368
4102322
4285316
1313286
5217386
1582097
9889737
2874956
2212459
8905906
6164055
7520705
3059441
7883556
5451819
5374913
3883555
8472820
620931
9055332
6281196
7323166
7857243
935798
4442849
7293399
5916694
8948008
988096
8784239
9184869
1803463
5402698
5986323
3116749
620085
7568419
5522623
3495040
2297016
6944666
2175232
2333858
2520244
58788
301815
7895156
6458479
8774634
1032224
8029948
7571968
871527
5887192
1023903
5314376
5696728
6940596
4262384
6684823
8240973
5963390
1004424
3643671
4465850
4121172
4263755
4550407
2159932
274932
9363559
9104597
2450163
1697417
4140978
1999231
2036135
1483567
3290003
5584495
9513514
861971
6456022
7916843
4402010
4286535
3613572
1342606
1065056
298395
9583578
9544582
3818955
3227250
4010433
456264
7142
1076977
2616195
282074
440536
4236929
5248373
4654089
8377907
273461
6653320
2930179
4273164
2459460
8514673
6302815
5837567
7486832
4219659
239577
1773367
7833230
4098319
5354559
647762
6198035
4899142
4466717
9425284
1425712
4922980
1948563
5018825
55313
2230636
5459360
4292241
9995146
113449
5186285
268607
9282905
8116463
4541770
4258502
9147274
844585
96069
6634106
7580380
2851782
923611
7929747
6950101
6278169
8577509
5664273
3693448
5560363
7605694
7635296
2999480
9554256
2654121
3054792
4301030
8113480
9863170
4296176
743067
5049455
4564782
2542109
3165919
1622689
6800611
2313193
4983410
9412816
1463436
2563791
2264599
2387046
493538
1730837
8665215
1587184
7395109
4874800
9663683
5000803
2510097
2663164
7071196
5164217
8234092
1372226
5793835
613400
5668401
9053038
5662855
2749320
1595147
1344911
4372008
8395757
6174240
1871556
324712
7637675
4435346
2589310
2540859
7445020
6836283
3722211
9032204
6747529
8597010
1212025
1748332
1107107
6391325
1335665
8787461
7141555
2707891
4581296
7754954
8376291
3634334
5933946
3641749
5229480
7278856
529894
6141375
5969233
2401449
8982223
6123046
6836794
4087670
8663904
4281815
923953
2386115
5830156
7671481
3499262
7042180
1935950
4606369
5949643
3271614
3393830
3091198
8495641
491263
846152
9388070
4125596
6780098
3029819
1871213
6575091
3559712
528725
5060462
5961161
2027085
1183508
5314092
6114754
2363549
2112044
7038706
7265800
458337
7226324
765062
16655
1678411
7887567
5966297
7466162
3797534
9057494
8477940
4288796
9903645
7866010
930529
9199880
895829
5317879
8291109
6971678
8362740
3351571
5448976
389826
7051215
763068
6504579
9414763
5391249
6059423
9196700
5849585
5801884
9961761
5866239
9996432
7849329
1832536
7462594
4163000
890030
5940534
8451796
3309813
6322682
1898462
5025830
7218510
7216340
5833076
6706325
8095218
9184646
2155301
8485043
8751998
5434506
7505759
682899
825755
3565182
9879598
9191476
9367066
9841360
5057716
9363498
206827
6890251
9342229
6885963
296419
7798900
5337759
6122368
4121582
9752358
3664335
3856230
9484835
9497411
3078692
7580053
1198195
5233993
6065096
9950193
3184636
6086993
633092
6526527
9652174
512691
5718003
1535378
2870188
775719
3415013
5593151
182108
5273379
2479114
2994663
5588417
333011
9117030
2226136
85369
5297502
6082365
9570203
4794913
1677195
7150257
5993108
9427324
5731490
8459438
2611960
4334620
9092529
9138486
6502932
2121357
7372626
8038309
4991544
8148345
3969460
3100832
846590
1758976
5579946
3841252
7347392
8429093
5474419
9573528
8514461
771921
8172030
600802
8082971
9849224
267196
6592216
9276548
8514823
5051654
4404645
2849443
4144183
6059268
9352374
8781677
3431895
9906821
3773221
4096377
6392418
9390190
7459103
8151393
7486273
1300355
8014923
5915366
9290910
104589
6945964
62831
792756
62903
661939
3158118
330099
7254154
4950803
1361059
2305808
9355448
4210501
8966128
7930853
3562876
7747805
3878885
5985834
4037163
7975261
2378252
3427353
5434364
3045782
913626
9250855
3576842
9345128
8541765
3681430
8807229
1120734
6990323
8870132
1782672
148441
1716368
9036826
5099243
3077426
3858771
6970828
7287926
2824899
4901682
3366939
572704
8780566
9352772
7126004
9271965
4247161
553357
7222466
9809080
3983120
6473322
3385922
5844385
7531224
9583489
4651615
8651957
6573812
3521747
434630
9238389
5238114
1987593
6853769
8315539
5846363
3824598
8119602
1187400
1242417
1486542
4276240
2539120
3355451
1402244
1811085
7602612
4471738
1549689
7411692
970995
8023010
3313751
6815379
5554234
2897240
1466994
6722329
1987189
7504877
9673095
1225578
5259128
1660688
8079347
6090804
23188
4420082
4210407
1210587
8178635
5696948
8002964
717755
1568536
9405207
5044977
1687285
6393082
6594665
1615114
7364076
7133812
4928865
6695593
5204183
342242
678724
1926512
2329431
8183601
4115744
6071145
5958866
5776431
6666629
2049671
8315756
3602848
6260077
2042480
1781483
4473162
45444
2499238
8557834
1966789
60352
245120
8359870
6655016
1860233
5723947
6304965
9305234
4935677
4025285
9647476
5614400
5951797
4493044
6314138
2583678
3080326
2273005
8360109
2263093
6838812
9192002
5865940
5615026
1234482
7647423
2604325
1279926
2662798
1162159
3246714
2723149
3923415
1606584
1894302
5783648
9846667
8199266
7605019
4782344
2224551
9768632
2912882
692485
6777813
9227019
3276163
9858139
1500024
4152409
2121232
854973
3344411
503309
6469998
7095029
8150731
9074322
8374954
813529
236482
4137805
3536677
4159896
8260526
5430978
2459681
623331
6146381
2580838
7921812
887070
2349470
834694
1579554
9127283
61713
7371853
1501560
4077874
4040399
3622791
4932846
7384809
4126099
3918982
6995976
4792968
2993304
5370930
5606496
5745922
2024873
1659311
2421956
285399
9606425
7397773
3424866
5752807
9978610
1346678
6639876
2328081
2181371
735567
3971501
4759221
623558
5473060
1353232
4663956
1611988
8802214
2048766
8254223
2721196
1560879
3047191
8230637
6931808
1169825
3976559
1472818
2829135
8914651
4274353
4951697
6312425
7699219
704504
6291035
9045896
9860516
1135253
3743405
3112221
5106753
1018763
3735778
579813
2371994
8399733
2191800
3690345
2964636
446024
8927678
4525514
6009351
7158315
3973460
7179175
3651011
5446277
2524447
2565663
9720630
7476144
1394225
9935986
696785
7685259
8981882
557302
8820512
5241424
3669522
3927265
6260186
9921436
7023215
1148317
8321169
1731152
7354799
1285806
2177175
6282477
8327456
702664
3440792
2300916
7881838
9607939
263331
406286
4689739
2500098
7882429
6083963
2436084
8579213
3769223
3934103
1652652
5105872
1691665
7838310
1549274
7951850
7759746
8572488
1616305
6080916
2819778
8971103
9882858
4996952
5253580
8210314
5699615
1210509
3027368
6097591
3334585
3290698
6503876
8024324
5790795
6902442
4108287
743016
5481655
393647
4677118
9650444
5499518
6368782
7488754
9564929
6836770
5248501
653555
969212
3845554
3473332
9940314
6244549
8470284
7710031
4454863
6686036
8920539
7482230
5299764
4771261
3289065
1803640
2795585
1595997
1222219
6903872
2339012
9220011
9813655
9532267
8870455
7829311
8417186
6359209
7394240
7770093
4123847
8047794
8739304
485538
1521127
8679618
6730086
2507548
8905786
1184950
1709721
342463
1183317
7009485
5113724
4472382
1329262
7909308
8584515
2551481
7329317
923528
1771492
7142973
2971932
641947
7488421
1389118
9517292
4882661
9159211
3641140
2930455
414653
4126677
4451581
1610409
856764
9475265
516195
4557850
1184987
858658
8257303
8194471
5972381
5245822
9523732
6397826
3830338
2075213
6243281
7270002
6362841
5902391
241934
7004787
3390812
1631051
6522080
8273472
3306399
2679357
1203927
3721052
9322170
8171645
5331460
2695071
163048
5847654
9769057
1348034
9222448
8026361
2058642
5194829
5788320
1582375
4108793
9618657
6173724
352074
6888659
2536566
6254464
7130592
2057490
9645275
1277781
1095707
7918747
4584179
3775063
1638811
8305230
5613371
2326593
3636690
824579
2489641
2000482
593637
6353811
1222930
1136135
8412453
8933896
6924454
9994827
3042689
6543112
8684688
3394762
5947908
1221254
2165363
3078501
3278744
1810638
6872418
6890587
2245522
1456597
3181788
3884332
9761827
8795158
8727062
5914654
9619736
3732840
431273
2729510
86651
1654203
6381781
8499103
588099
3306236
1010068
6146924
2365485
2210894
2057823
8313392
5948284
4223185
3908030
1743165
6033822
780448
8633752
8279343
2237045
1815540
4679812
4515009
610698
5923011
2945800
2746571
9655850
3377073
7992218
2258639
5031275
4373999
3273879
8135510
7680234
6800084
4282434
2561856
9010977
6340256
875249
4959261
563441
7299415
6702426
9113399
8079863
5336178
9908879
2833045
9667854
4588691
9864190
2794689
511703
2809990
5541259
2683690
6187062
6049614
4942328
3734474
423614
8216207
1869984
619985
5016291
5697978
6543405
7524947
6573226
1502666
604525
3872641
721229
9717923
4468641
8573543
9626802
9817822
8241397
6731631
9682012
1036086
9759470
2492003
9093482
2443160
1195202
5143096
9901625
4929676
8082846
8117832
9315796
1218969
5650260
7984351
6916946
2193665
8025435
6006309
6212467
8629960
2395087
6933696
864021
9379865
5507239
3006961
9197687
6264774
9738591
8879700
7300859
9498061
3887840
8910478
4457358
5083041
6569712
4358983
12717
4652558
4992952
9328513
8387663
643212
9829001
7820746
5353013
7854436
6343192
1565481
6484396
8738279
1015314
9864554
8118144
6522552
2871515
9831968
5303463
2610106
8711668
5120460
4624304
5115645
4030938
1597799
198687
600650
8472919
2727540
7769345
3465871
2056053
8673145
4109083
4401191
6493892
1978233
2255628
2837084
3543713
1256161
4091500
4559026
1120715
4725781
3597716
3992229
4557750
8901178
9118471
5785555
4021638
6258912
901201
568714
372849
3616024
1169363
8845767
6343563
1454845
2311638
915754
127991
8936857
5316944
9138019
915091
88709
4491240
6974940
1344870
1098878
1533967
4981721
5824658
7647819
1490088
2898545
9065134
3124696
1200238
5602910
9383608
4617575
6171623
2272594
8233598
9857122
1118361
4577161
1311968
3429998
8009051
3956095
4882993
3325996
5610251
8314220
3414704
2617628
5289160
7275710
3716505
9339263
2257432
2057301
6987082
3747519
7471982
6052217
6872214
8672219
4171264
8771959
5805931
342887
3560690
4039529
200009
4679050
1132828
4028113
625186
9141878
500345
5508178
4984011
8626732
6338535
8398715
1244361
1627695
8190562
7477002
966959
447994
9534302
470178
6711649
9522422
9038531
6100001
8194641
3209795
7388097
4000573
3552681
948788
556239
6268827
8143974
4205203
2813077
8769159
3347082
5829559
6793474
8331092
4456291
3132009
9245944
8216788
7275841
9952644
5693791
8242799
400638
7744230
1229114
9628424
7266652
267646
5728425
7977431
3477440
5632659
4494141
9546258
9097583
5050379
8331222
7241558
1771720
3660436
6010717
5118801
9489994
5320329
5966030
6462423
8452337
7728112
7195348
5728178
7680756
2889139
6487114
597531
3149507
232366
225955
2932296
500011
8470516
909727
6493587
6619313
7920004
8555982
5716896
5486521
6887204
2958454
7258240
3063778
1485309
4893178
5069909
6805637
859208
4048469
7774111
1103457
1243818
6018427
1300350
6649093
5021678
1897881
9798599
5254043
4639972
5247033
5754053
5626626
8672896
4763778
2245939
6592901
3319760
7962834
2079422
2723102
3437426
9337661
5786879
4922734
4230839
856788
1728371
7606183
7421394
9502481
1225778
8665211
8037045
2526127
5314304
3058724
4424007
7629041
8312766
9063979
2876074
4066820
7206742
1548970
8830597
9452680
8141870
4666494
9931651
2737429
7389595
3369077
4591227
5692611
8291810
1338203
9065536
2536318
1460524
6486930
4554937
2686301
5152141
2591982
5212427
2982582
8166842
9636434
611623
6479609
1216551
6003833
3062566
8423292
7552803
1893163
392110
8210810
9075793
323761
3464377
6465389
6208975
8055603
4674137
7016922
1909944
3739673
9553240
3370467
226603
6624314
6056767
7894880
1732433
1269194
877463
9899275
3421765
4005222
6378884
7154452
9056
9441449
8093881
77996
3850749
1002128
8288805
2926542
1325889
4269319
1908068
51001
2324923
6582205
7067922
4234866
2838015
9137299
121470
5580755
5761613
6178236
3475635
10184
9963566
6869234
9909458
5901469
874457
8804479
5572058
3399649
8245928
3665940
3477644
4612814
4668067
4282586
55493
8510092
8551905
4479698
8561092
3392965
3578040
8145152
143968
6416054
7282451
265437
4512946
5560202
6443672
7988581
5570385
8923375
7373952
7995980
4824844
764546
6800459
396903
4164194
7562524
6578979
7641837
2175338
3763183
4440561
4746967
2273276
2992466
9226664
3350505
8901567
2804704
4011794
9045534
1736896
1294246
9310970
6249841
9370584
8270779
4238422
7457106
7194154
4128512
5453086
4535136
4893057
4769682
7448175
9057251
2332206
4027154
9215225
7023680
306474
6171923
1770647
5095886
9164388
3513449
8446391
8065955
6318152
4974322
9627626
8055047
8784704
8938596
4304889
8155288
9725512
1059448
8128531
6919667
5187959
3581617
3970940
867436
1419115
4170542
5715778
7962405
5901904
2739458
8268878
2073828
7026242
5880902
3754353
3055828
4327293
4336446
9373979
1817752
3964072
9945164
602457
2902669
6766190
8757744
2628181
7825637
6886276
2063985
5529734
2984030
8551061
8126887
6367603
2486313
4813566
2083381
2964855
715470
7338976
3749871
2789297
6881355
9630772
6543650
9937182
6474202
880096
1827299
8291953
4844167
1772463
8894409
262973
8538652
7652154
5407291
8880427
7054567
9987412
4410161
2554734
8538474
5053185
8922336
1024787
2382888
3521855
3989642
3098357
860831
255650
8403791
7742185
9886421
4947441
195505
6360623
8343673
2022803
4652576
5703977
6311403
3546986
8483087
7366192
3715277
6406515
6246619
3285981
6393927
3172917
5840714
7448538
742239
7279188
989463
3125126
801043
7495241
6223483
4178010
7750890
4627274
4436332
7637311
2090852
4631836
3997934
2950662
9170775
8650509
1170776
5482178
4713632
9653862
2848371
8428908
6060377
1611127
1714889
4970442
4784044
71741
2418980
5526282
9867065
3408442
1167546
3184245
903683
9907165
7362254
1170710
7050576
4314723
8808020
1657565
1462696
2805954
4608226
633471
3972601
5779001
8631786
8686232
7949001
3996294
9631278
6525515
5607420
3862304
4012094
2907601
3934044
6431074
950021
6317246
2355653
2117566
9501490
5775473
4540868
9379881
6946182
1591444
6210741
5754203
3249008
7673436
1076294
373371
823045
5048894
6152371
1970968
6251264
6617509
8483398
5882542
5659162
6606955
9744845
9671255
9514556
6195027
8618466
2980714
2512273
974120
7614416
4529901
6749592
2155284
6425919
6211911
3746727
2636661
4482251
9511871
2826234
5558545
9885241
3649278
3123576
8553749
8136382
9374839
7687396
6619780
7773518
3346558
3226736
7518364
3017813
5257429
6229528
1636280
8238142
8741800
5126536
5852558
5787838
4392265
523979
2213758
604176
6786842
4850418
5086427
6298713
7676651
3161109
6183954
3842067
6284684
7253840
1978449
8175661
4941236
8598229
5949179
8287793
4341102
5983680
3821744
9598530
2213208
7974160
352810
3471146
5616833
6205367
9258983
9098
9245482
3988878
3129410
6032324
1355433
731974
4847174
9032084
3893082
3547265
5390288
2693904
801105
7368736
869565
8258478
8483102
9334880
6546271
5340341
7834698
2884152
4938871
47906
3374449
5291680
6035188
8991281
4013184
7810309
9000378
3258666
1799187
2129789
1807127
3154620
2861762
9170437
4702841
9270981
2717702
93129
1964885
6034944
9978001
5350586
4293422
977242
4685466
3355830
6317582
2520164
8756119
3772591
5084207
2130568
9064270
3635532
1121850
5593592
3961978
122228
1368395
8277302
4768153
5691659
3948059
146053
4862096
8650899
9417033
95936
1260165
3898055
6130879
9248640
2940438
4731544
6450243
6296267
3565264
1486545
5052386
7337854
9086888
7182954
8918261
2722420
820941
4511853
9200535
3459305
8396385
7477837
8227458
4088044
1425896
889648
1466277
2592932
2822818
1562212
3853096
6720872
7693090
123536
8485649
633528
7371217
4935892
9445932
936481
8938573
4498318
790472
8025461
4197409
9708732
3264019
5018349
6736723
2464554
8477654
7649245
9942390
9221249
1737289
3884423
2627034
5719702
6477354
5449851
7281914
2846587
4686860
7491141
2970122
3172509
8124669
341339
624538
86739
3793956
9563111
4585056
4584427
104710
1298603
6809297
3368728
8833088
6062157
5833281
9826879
3711402
8291808
9048128
7964827
2176231
4191299
3684529
1169722
9641149
966443
4016308
6844146
8457584
9502567
9098390
9843905
3157330
9185128
3637862
5236578
6286321
738426
5341287
101061
7547722
8710015
8934149
6126016
7059433
8761028
9837417
7867379
325295
7802244
2559747
4516593
4002911
3729469
4157743
7485490
261914
3518026
8459211
9764480
6050818
7557601
2124524
9208147
9258866
8278522
4444725
8061325
9016947
2302149
8162385
9080807
1012164
7096534
5206823
587735
8373700
5044241
971251
8698994
5362622
3530997
3215587
1881670
9776602
9889466
9367160
38517
3407493
7826371
2319134
9458310
7900110
4443657
1182595
7158976
2722179
5627319
7736438
1739127
7929467
5898824
3336071
1457769
5511495
8542893
4561640
3885195
6103271
5532890
2584189
3982031
1580024
5799776
5863700
1356627
8205379
5230860
3911280
1612872
5573369
8746550
3587319
3473479
3190208
4769913
3148592
8428523
2913369
885031
167650
3358974
6783854
6019857
7332879
2295349
4562751
1894519
6180544
3182159
7427408
1280870
7164189
9007431
9596782
3027890
2880195
7802162
8258749
9307611
1931171
3832118
8054162
5518490
9821733
1244370
2804540
2970326
9672892
5717909
6371493
2356680
1593020
3155347
8376536
8925898
7966832
5455424
820417
6663513
1153721
763962
7944383
8317909
2287530
57303
1345799
5167725
7859464
2120686
4475336
9790635
8468940
2529498
7825262
806812
6290004
3145939
3777137
5962897
1379985
148630
835714
2973004
5820113
1728387
1898902
6303082
9699948
5235455
2966596
853669
5999416
3427116
9171577
803084
6000555
3033514
5970808
3860020
7670336
2962281
6166792
8655413
5491779
6508191
9462224
4297920
9654129
5755498
2776954
1034115
5904127
3612667
4007118
4240377
7857191
8422157
543460
7557139
3657612
6026192
8410807
2173166
1969445
98522
2976249
7969999
3132035
1463194
4346156
3318508
4425474
512948
1973922
2433390
7021138
1436146
9247447
6675268
7191644
2024401
7709382
5611908
5637068
4232637
9852285
6010396
2654794
2911882
3567535
8828543
1454211
4494479
3517846
5939792
4593000
9010231
6425928
241173
2989562
772085
3559680
7415035
3801169
8049738
2364563
822308
9485884
1612010
13713
6677528
3636410
239232
4805573
1789615
6988005
7173995
316148
9642799
85877
3883682
987480
4056224
894298
7021462
9996015
5487298
6031693
6421944
8244607
9021254
9710165
4320424
8952426
3511334
2370163
3833126
6849778
1856047
5445135
9379627
1049712
1597683
9618858
8371421
5903434
6606864
5545417
6219582
8765800
8147430
2619401
2269417
2203655
3513699
9290878
4715807
1517134
7838708
3653888
2277878
9376099
3364053
6598301
844663
6875387
1484601
4677789
6241302
3340647
2639061
5620930
6906495
6752880
5239788
7794054
2656315
4362789
3339471
1392034
5644726
1486901
6527571
430280
6206692
41270
2237295
3438637
4074540
2592140
7092524
6352417
1968239
456578
5466856
2812902
9848101
6951456
6828
6089403
2808241
2645888
1710333
9714735
9398768
9466258
24927
4571220
6345184
3364397
8479390
4506048
7367435
5006961
4936327
3574127
7564368
9689759
7012763
1638908
2281899
6621425
507463
6766275
7078002
5974318
9579176
9442240
2925774
2102141
5531643
5734014
7264165
9758113
7964887
9179070
9224371
7989813
6266427
8085692
3870348
4745817
2591740
1237783
2268916
44205
7328046
9833283
9733963
6856947
3988328
2015862
3478372
4495790
8782136
3072511
2986245
877450
2514751
5912019
5495727
562531
4162170
2759893
320644
2127057
1938963
2061152
2633008
8205390
146845
6503355
5467344
2738584
257275
7736259
5298925
7585320
85680
5032888
6958404
4074008
9564887
436776
1085935
863161
6025423
4072180
4256748
1056311
2500336
9752474
1618842
6662505
2512367
4455622
1305700
6967467
6516774
6454844
5172857
9179755
2958199
640201
4434476
5731610
892598
9733401
3316930
978277
4766289
2791472
5052284
6847313
5744384
8654356
7710474
1769808
5242673
1967222
2826118
7743008
1719696
6961096
6921650
6748200
1416719
743487
3715667
449630
7198330
1404661
9629384
2672666
4560998
6579997
8404275
5453595
6313398
4237343
6431872
3595825
9544951
4000293
443138
5289335
2654649
669749
7059142
413459
5153107
2401398
8156466
9388940
1878631
7594254
6137140
5811486
853878
2368944
8777252
8052208
6289741
922774
3241011
850739
7502771
4161424
6304334
3816169
914904
5252343
9928130
459855
9252635
2887406
5749189
4423422
6073291
5324469
4836880
1226399
242004
5509484
615339
2120634
5619875
9268615
448258
6473752
4153696
9225509
7042097
443437
148284
283109
1294175
7651054
6960669
114646
3983360
7875572
5366988
6427628
851564
7135761
1831171
9116889
1559183
7904461
4441358
8912199
9130859
4683361
4421683
2262335
9320132
2557695
1530950
2284527
9031447
5684645
1510036
6073544
6128081
1658319
8872789
9938393
1825510
8349595
53039
8325007
8741304
5420027
7268772
9592867
5071925
9099942
8709757
6631107
7004403
5667252
5543306
6135263
2866751
2481127
8397597
4703020
7554958
2444685
6987546
6586405
8129329
8497581
5176087
6773548
2672038
6565013
6711941
7013684
4914609
9281116
7854828
3655913
7217280
5123600
5764918
2289205
4223542
6990812
1436449
1227946
2658064
6979755
9879345
5524814
1977019
793080
227834
9531976
3237764
9731516
8634519
3883231
8229098
3810606
656779
3417273
2891756
9884856
430957
7806364
1682110
8285785
3978415
8899390
3409385
2259470
3704732
149065
9250281
5141181
1377010
4424482
2120936
3772492
2465434
6614091
4565571
5209404
8662204
7803335
4940921
7296723
4202703
3170019
3623466
7375618
9103428
6515222
7260474
2050522
6837723
8942583
336307
3332275
358111
6261829
8107881
4062843
6410893
7358162
9204023
304040
1782645
3841096
4076531
6764215
2971324
1158239
1973619
1633528
1477711
6914539
1446389
5680413
2600695
7585991
3056031
1704123
6617350
2832642
3754645
5971211
4291363
6607088
9303485
4649473
5385054
7411367
1228453
4312084
7285666
2948613
4616123
1584448
9305845
1208791
8348662
2277169
4883167
322282
6426834
6360877
7236820
389360
4557428
2353653
7975350
7613458
4057775
4592701
446101
328557
563912
7253600
6935645
2383534
1903073
4836836
2311038
5647663
9148920
9596704
8596275
3765043
3697289
418259
7489971
2045952
2695427
2373138
4884370
1638398
1250152
4637327
2027757
5807579
6990979
2519245
5937175
3564892
9628082
6383275
6409585
191994
3636875
5861367
5091664
8056084
698204
9918839
6219884
9847123
9515543
7332297
6128303
5728969
7750555
6134411
291058
2962119
1023686
5175427
4600517
2273838
9812754
9144410
597554
9319870
1663655
6534728
5400899
1291737
2918003
1810485
3999867
9071014
7671851
1607669
9643236
886192
1526508
8379257
733315
3558188
5711554
9377755
9287156
5978246
5512166
9578214
8940365
6535852
4753641
6057019
1325827
7082532
5201429
1923380
8918540
9381221
8458108
4319439
672958
3892248
8646060
7188962
5479400
8834049
8796630
5122636
9720240
323138
3501893
2969693
3881325
1729585
2347448
5684618
7707830
7859613
5262832
9164332
6911602
2532611
5221351
8237428
2131280
2938918
160809
3565957
2320139
8618916
401534
5509233
5027301
9047593
2698195
506701
7881642
4010962
5629336
118021
6850236
1647367
3087713
3247698
5893088
5435160
8932316
6117055
5810910
6711285
5281388
2722513
1760033
3018876
3476078
6407450
5957793
3636886
9973406
794069
4771939
374940
6303302
9799240
1938671
1517634
2822078
2336450
5528596
967552
2454470
2378832
2614918
5542182
5626530
1024143
3493479
7074983
7141197
1820527
3786268
2422585
7059176
8062438
7957598
535254
4469888
3915391
6688277
6959431
7225597
3976353
9850508
3528899
6291730
1789179
5046532
9113808
4125628
3091265
81360
6580098
7986234
5212414
4638417
3612764
6236556
648034
3203884
5893890
2468560
9506288
832613
2043873
7568726
8790210
2579126
2038614
5221738
1783540
1514183
2447335
5759893
1364691
5976233
2051623
5670006
3538903
1165431
9795633
9146304
3762927
8891868
7132538
8975340
6046423
3261439
5211896
6694456
6465322
1105787
1679153
5971611
1938399
3723025
3540337
3244746
8818287
8095088
8466483
601828
2125408
913819
6361720
3490098
9406188
929480
9160103
2945091
4611048
1471874
2091396
8373974
363743
1740071
7349315
8926302
5001510
5077348
8136895
3982969
8699271
2332185
9954579
3153807
8571346
6011054
6398552
7389633
6622279
4865036
507598
8747686
8294991
9385454
4753921
7701179
314935
6430161
646271
4925982
7902034
5253803
5816093
781914
9510010
3165408
2224353
4511520
8242756
361248
1010627
9458164
2693432
965206
2611972
1264778
9492396
9010523
1170549
8630812
6391696
1678146
9894635
4686687
1063601
7164693
2387867
3894672
3594854
5550274
1336791
4013026
3320214
7152883
4794939
2830224
318292
7019292
9857881
1077185
9896676
868508
3051486
2590109
4349850
5663457
6371023
6358384
7190118
7541571
4989196
3581814
1735855
4883832
784639
2799455
2048525
5688642
9210263
8159516
3755053
547054
2172542
7075266
216074
9483617
2421627
3050502
9019046
2279508
4127686
8915723
3148015
9695309
4021969
14003
5358766
392992
6372386
5065021
450701
3877719
8646835
2186555
8761550
1947611
7502146
3326213
7636252
6712409
4001866
1391305
9775599
6174407
982708
9991672
5658024
3404334
3042175
7193208
5683842
9685997
6108931
1347994
9381306
130900
3878133
4740073
3040028
250519
9805093
3490728
4128238
968066
5677282
5405925
5431813
3179428
1248275
5584202
2407974
5250140
9491643
2183573
3940684
474351
2175246
2114846
3878685
5217420
9308053
2078664
4903417
7933121
5942794
4284724
8064020
9820927
1540934
3620185
2587583
1346027
7110913
6715820
4830230
5304332
4637883
262043
999898
5886157
5846245
3407871
3652435
5337888
5591444
7593118
8328376
282827
2224101
4723198
5500246
1532154
9317998
2919800
9465274
5260792
7204523
45432
7597856
8745456
3665617
185440
2607621
3292667
9417396
7437850
8596998
4055279
216030
2113033
9941436
8578411
5520904
6110008
3916300
3628485
3703126
4760813
3911311
8443364
9484010
9411556
9975517
8802008
2331356
1956930
6578937
2052017
4518498
4176794
3313610
700252
6878370
5921230
3992918
6295766
5875217
5106054
351046
6091247
7219086
2808619
4669658
5256127
8918626
1102095
8884611
5137889
5862907
2795922
3581253
7863054
4723615
6072908
6665062
9571108
8029837
5760137
1623125
5064472
9936930
4936734
5764724
6815300
3374102
2273779
3111066
9249318
9895969
5978248
5340565
9631193
8786866
2526361
4887320
221630
6144592
6288069
5359519
2007500
1600128
8940771
9870553
6323743
5013679
9051753
5894851
5559653
4811890
34113
624126
7264957
4970846
8904986
6596394
861085
1178765
9707459
110404
1074735
8201845
7967105
705928
6988711
493466
8109384
7210341
6638058
4397453
5085997
1161695
5997581
4026768
3548385
4837461
1556585
5116275
3248449
7116237
9928164
3282561
256500
9709258
769544
9161485
6305652
1630629
2856388
8529249
4257169
3931122
6731094
2224274
7153186
6235942
2717740
7778707
5962420
1871935
4692298
1048417
3033629
689879
7591322
6582013
8043476
9147906
1698289
1291925
8780280
4142590
7090622
1552918
3851849
376303
714403
157501
4523068
6086927
8686749
8780236
18049
7933980
1004511
9687371
4169923
3722250
7466079
132343
8110321
2158377
1180760
1143950
5364392
8772081
242100
5924005
436125
4456525
9732066
9216404
1115253
6822688
3285459
7483238
7198990
3999862
156876
4238196
86789
1359763
3018432
2620975
9293742
4022942
4824483
3463665
261329
4806699
3596008
8371649
9481212
7292904
2031736
4845604
8581122
4789973
3285746
9017246
9246497
3017812
749788
2877887
9840499
4035247
361125
9555627
551246
518001
6309960
3154171
1877763
9328391
5775145
3687642
3351334
3115766
7151307
6128799
7922464
3263452
4500449
7403677
556356
9048321
4765418
1653615
3838294
8051164
670861
5600929
1068976
1420648
8478815
3425613
5455894
1356078
5497377
6007139
1874078
1807337
9161310
6267977
1135728
7452592
9955618
7003198
568358
9623062
3131998
1006960
5402651
148584
8410636
8475143
9196904
3176054
128758
3035199
3743355
799618
8636127
4812331
2220266
9631079
754081
192297
987157
6251457
8715573
5377371
574931
393021
4161485
1710658
7845612
6633241
1229994
930108
6256303
4361991
4453204
1658955
4510574
2863840
2650235
6223615
8556030
2778993
9258813
4815523
3578610
411078
2143991
8315012
42158
2898071
1023447
3545451
1665665
9739019
8922822
2240595
2648177
3084307
6467389
3009926
9717547
213520
3940033
8489988
4575510
909374
2665080
1602221
6289350
5315314
7825836
4845381
8094306
9600786
2177041
4189054
11865
4321031
5020203
2570159
7219101
8559786
6115609
1400903
8298805
7554568
3641497
946982
638876
2625023
6473045
2872560
2838543
413078
1362548
9930189
3838589
4027627
4048548
127939
9342941
4390521
7489456
9953384
3991307
9666496
6658575
6519308
3987527
4194916
1605604
1206628
2754702
7721213
2607530
3569645
7791918
8765163
7032763
8430793
3906324
3505808
1303354
6744866
3918886
5182038
9191192
273612
9209665
3239740
401550
1068744
7630260
7891006
3538265
4137705
7557502
196841
3173150
1545030
4391756
4778754
5267794
7146457
5016104
391462
716102
2808022
1672762
7748865
3754953
5579085
1254673
5058306
4840088
7689695
240344
4031281
7963306
1966146
9787157
880994
5551026
9933555
8771999
9089291
4071260
6329501
1802269
7244409
390668
6194024
4539300
5658462
5856618
9555403
8566060
9088857
4879563
238822
9353859
8634515
5817907
3124669
6208958
3174132
3330502
8965438
9721549
1293808
931585
9508707
2174801
6482610
9442262
3462937
8088038
6029659
9792438
9890306
3274068
183106
8600467
7813368
8357704
4457086
9884908
6923764
6062080
4764471
9678723
5415939
5915123
8012767
8540607
2124081
1186899
4387246
1089520
908449
5681054
2021104
2933293
371992
1019851
2375555
6351066
1624027
8405213
6143504
1514333
4195418
8842746
114801
4524923
9716588
7088023
6925969
6640352
5666240
1690440
6319075
1082179
7605563
4331842
2138923
2245781
8034878
6526169
3335300
1459464
4723360
7872540
4392756
7611488
1408529
6768310
3962554
3032555
7689660
2622195
4546887
4401215
3981079
7177824
8926138
3697667
6781984
5852107
2854156
2448224
58684
1689369
3530402
180384
8537347
8185462
2426165
6572225
7227768
5761464
8031688
4467265
6150142
2424444
2078753
7558670
1708891
8557444
591225
1914688
3695776
7654248
6315903
7676854
4832073
5242041
1374521
1614057
3610285
6744814
6578418
3668968
8434182
2624957
6365489
6971529
810419
8791653
6059892
554324
7069254
6607717
5021588
3219396
1548299
9616478
778066
5773326
8173922
3885427
7688014
1869698
1539676
4003917
2062690
8887885
1762095
3437210
3018079
7888516
182024
9596496
4073621
1132343
2221454
439110
8103872
5548009
1746900
6679901
6102333
8816154
3287618
1123921
4551687
4835916
3256536
7845890
609243
1430458
1731317
813394
5816293
5787129
7333447
7878982
7191151
1611679
3832329
209231
9500194
6530490
2321864
3573815
7662832
4543317
6529062
8282841
2607464
8275961
4962742
8709796
9608252
766498
2349854
4159940
8118550
5606390
2005830
8727792
9552984
6253283
2057323
7885414
4556550
9390769
5764396
1747701
1002448
2112863
1956931
3018779
8643352
6794932
6592594
6306184
3854386
5637793
4589026
6461849
3913754
2067905
7687782
3522007
2834402
37637
198084
952953
8160163
4720050
2196882
7713147
973333
4254205
5598562
5529882
6161111
3879095
9793720
7163559
5991957
4266788
182338
4635309
1061720
9291068
3457631
4916106
4928861
8046656
1377955
1358753
2630698
1581875
7396896
5465100
1619511
7594979
8934189
9779673
2315029
3647208
8958
5804498
417550
8123656
3850518
6578661
2002752
3644238
6258357
7994708
7911025
8956831
5146155
8972745
764038
8603785
6404988
5692898
9166578
299080
9567787
1797276
1880954
6964683
9778512
6016601
7075799
1228839
5796274
1906965
4876047
8321369
227601
5293596
6445025
4078118
4388394
963914
7722355
646751
1474760
8149517
9603582
6620914
9638399
367620
7740836
6043387
8576654
9423551
8858604
660580
1220827
3255695
141400
3515477
9272296
7217199
7260452
7584707
1640301
2136499
5906076
1867901
9946232
4867239
5946018
4334626
5831152
6184510
7497514
7305911
4334028
9617233
6442962
6488564
2500990
4183798
5048089
3593781
3607349
3906693
4254360
7344313
7162387
4395760
3375927
8950820
4129096
636379
6535528
5769396
5289015
4957741
7637297
5235247
9824979
6099452
2086010
5656132
2283963
2099661
5478180
9134127
4233031
1921143
5622691
6734020
8621077
3186917
2843939
2228427
9609746
7098298
2088877
9288271
4010195
5464803
8239091
655428
8617318
4774619
6424824
3906333
9732360
6578258
1657717
2073477
2677710
6259864
7729608
7477809
8359524
5723926
6611936
2592556
7645068
4750765
1842713
6266145
7937681
4686651
1010709
7547428
4301087
3099585
6835699
827419
1080525
5074790
1482847
2213981
2365547
423808
6120313
4614044
7002065
294168
6687520
2195912
6554031
6933266
9673721
4913555
2657192
6285657
22248
302260
3552559
4381098
9084541
1490241
9067748
95251
1553806
5884972
5710972
905642
9228528
9307634
8496568
711375
1521615
862115
3651319
158065
7992295
3169521
452232
4679816
5365432
7006262
1613082
5039153
4435955
4270273
3840948
6974339
7088669
7393506
1355437
6173210
1399884
2939323
8784597
5469826
8824294
4495570
6375467
8052822
6319341
4872036
1280334
7840955
8250287
4931652
515157
6242583
8101172
967389
922399
5982742
489788
5051617
1021895
4925742
1838027
7378979
1900082
8926695
7288623
5771655
5099905
8688506
8710977
3884503
4158333
7535272
896210
3049937
8104231
7215550
7921972
1900703
7572642
8688397
9348491
8087798
4930980
7449664
1571324
8369515
5948543
2061112
5937269
9486574
9502990
7775295
6865554
3919209
6701990
4154177
9690864
1801895
5358820
8401841
8202534
9517152
8453250
9098743
2567090
9073619
8830430
3005199
974322
6403072
1693596
322813
7007008
9140712
288614
8578331
26365
6237156
639443
5963633
5723731
2658571
6255065
5105422
6577779
2957055
9259598
6268643
7275087
7134555
7186622
7993758
6651708
8156009
7092502
1734935
7229628
5922932
7256270
720087
4842142
1466004
1042900
1849150
3122853
1331513
427481
3149218
84807
3583061
1628988
8324674
8757768
7884053
3430096
5335547
3357245
5205831
4120328
3148469
2340386
3823087
1142228
1508231
1979096
750867
5759302
9208724
9189935
5531710
9928810
4032077
6997713
3487847
8397363
120566
7335497
1340982
5785920
9936440
7440179
9931045
8261114
6197947
331236
4207347
1533494
3688480
1929315
8169958
9353086
6785837
1993045
495314
810206
3972141
3762317
6569507
5697002
2952252
2101217
8141949
9500466
1615067
4145934
413967
4251770
1481431
1754948
37690
1417871
9195126
2484872
9678984
5393073
2816107
6402468
9442704
9020724
8331782
7612662
8373810
5117619
9605707
1385261
5927824
6093985
7663714
5013469
1790987
615966
9630822
2449073
2632569
1245890
6595006
3046536
8013796
8076436
4801483
567623
2010444
6512747
3052495
4205565
1905820
8384738
608033
3864661
7405462
1455952
1477324
8295409
6573571
3599168
2196807
5017532
9693152
9860520
31001
4000276
2992624
2177961
6449348
8141329
5939987
5560492
1187865
3953783
6153065
8505485
4521405
8163509
5018232
90037
4885211
9440188
8474775
5493244
3304850
8396374
6949195
7298310
9207921
6038903
897478
1404728
3572573
3106767
3781386
3603573
7107042
9290146
8297670
6072527
7431475
4237657
4149156
8619340
8191439
302222
9640962
5228982
8465730
7175331
5319018
3350941
9131656
6309930
1360322
4952643
4706305
825655
2250953
3914226
9380694
5664567
7835090
2953267
8771333
1616476
9072977
8394512
3422759
7370647
4467040
854235
1608305
8616195
1989712
2315881
1434554
1630674
7544862
2416421
8806004
5380018
8283499
7937660
1689948
9643820
2890304
8912389
2985612
7657393
5342752
2366307
3321961
3177843
7835710
4609431
7310455
9424824
3003944
733215
9311609
9987120
1587449
919914
1119453
6093297
5751931
2554007
7723970
5812931
4970427
9046111
1192949
3253926
6983771
5399033
5413884
2390212
6827560
8399495
2563743
2170312
3281939
5885703
7864291
3633787
495134
7690884
3058611
6015214
8424098
2370220
6002334
2527684
5806270
7121787
8620980
1558202
9675793
8861087
9887269
7162357
7907198
3596355
416284
7407106
8995387
5830167
2313456
8339084
6745799
4877198
509397
2543876
762901
8373687
6177662
3774171
6064571
9236272
9789385
7004806
4122630
5791719
2048627
9928899
5429643
3185744
4003238
5105436
2046831
3890507
2267794
2470166
2999
5200214
9877272
8998386
3546518
2190728
9853607
292317
7067925
363004
2836192
346963
1252829
9013853
6637270
9833536
766264
6426655
9354480
4888893
4734512
3919244
7333929
164155
7104988
1337168
7785728
1667956
7743811
2569659
4138122
7746810
7769872
6531531
9261333
3832527
1238396
9114940
4124843
822458
1994082
9477172
1169420
3246910
1007163
7806689
5596583
4289563
6749482
4951063
9178455
4000131
8870307
9028522
4164285
8491432
365690
1950013
159388
625638
7035808
6813646
888585
7321817
3345177
2666055
1154344
4583572
4297133
7795324
5406029
6291214
7272496
9091585
2054261
795796
9414412
7650843
5085359
8680031
5118044
6779951
2680162
6504488
5808473
6844446
4995920
8690299
1310597
5155307
9315937
862542
4485091
2720659
8184359
7830267
5386714
9338702
4929977
2199984
7134026
2852143
8491197
4406522
1943729
3061595
7718455
3874278
712438
2803814
2554309
8346618
9583764
7750607
4851106
5392238
4595053
9847025
4082537
8421786
7518470
5914611
9284328
2003561
1151408
7468687
2349965
6538121
6807389
7279941
8738104
6457553
2648222
9745438
3380212
7108087
2807033
1098667
982365
6035607
3902480
6052810
4382226
3486245
3803417
1749469
1394620
914607
1596495
5477156
9336393
1631102
3907905
1136859
3634662
5059312
1121683
8500763
4113570
445209
5780705
5367811
6902761
8428926
5113249
282974
5537013
436419
1381640
9035514
6472025
7800257
5088324
3370388
1286502
1407878
5119857
5197258
2322484
9232488
674414
4175014
3379727
7098455
5311872
7014388
4673904
8949691
8031288
8787473
9394900
6328130
4155284
6297661
7273193
1784670
9096771
5326343
2221088
478412
4361857
1209251
8278668
1966318
4579638
2081307
3374195
2215632
7278564
8212816
3964257
469115
4903967
7343983
7567570
2731977
6874508
4757611
1681668
4905797
3545085
1076568
1233927
216506
9890366
8507120
2001176
8987137
3833463
6738400
9465548
711458
7947650
260354
5193912
5043426
2341660
1084245
9775194
2136361
9297060
3739452
2605476
4201027
1083435
2689183
9449140
7957943
7446793
1130809
5379877
3508015
2207376
6613803
3724521
4613879
7637060
5725696
3601017
3986661
4980233
5582702
4698118
2927884
5843056
9892029
487447
700853
976274
262641
2837214
2789471
4002092
7958826
9506635
7601664
648009
8955775
5559607
610939
86584
3455621
4118954
4810097
2585561
359612
9423975
222622
8601444
5541129
4209282
3581677
1123832
1423537
9025697
6966887
3831703
9513143
183877
4807977
9775784
3021090
113585
3777876
3496053
9620219
1379540
6660198
8575995
9455283
7271137
1178716
5427041
3906228
8504949
8012602
4265839
7928925
8235223
2867283
3470054
4960642
8965096
7110022
6384178
7990794
4076909
215881
7503937
6776923
7539994
7279721
9798012
7653579
3573735
5810203
9789935
7469411
2470401
8365930
9440832
2257675
2060784
4867873
6163902
565733
2880475
2945878
1010795
3631835
8329297
6996986
8592476
7294394
4107008
7492791
5285188
700055
224810
5305262
7476977
7764803
2584984
9791126
7934519
8674855
5601329
7724455
8660403
587868
8606522
8101235
2845542
667306
2969109
9009444
3749176
8365720
4471459
4759970
1997556
2800757
4273093
590032
2611288
8380101
598961
412613
1596293
823770
5717874
9073269
8588572
818995
1380533
9039229
9493849
6981862
9279821
8154253
7569729
7886343
8771625
2931408
1069787
1740734
4456989
7335099
106455
8928448
4611206
4620147
4245342
8884299
5210178
6856629
9780537
8325275
7269241
1376830
9149044
5503252
2966236
253755
6322247
4346768
9292983
8332233
3844767
8572804
9002623
3930633
8975284
7774249
6862041
45071
2031120
1319030
7380169
4653711
2763615
1991376
9273857
7008956
3391812
7000173
6381722
3172349
5325448
6167100
7065315
4474493
1670353
31551
4728247
508737
6894455
6537367
8840969
739223
7626308
7843593
7185992
6601592
5617842
4048033
9162800
165099
7883200
9059106
4818810
3162952
3566619
4092667
2688046
6958430
1092840
9069767
2646916
6418288
7753005
9712230
3408918
9423357
2259918
8137164
9932093
9154373
7190668
1289200
2409733
4816976
9132792
9595724
1418568
7266771
6159895
3097505
7431870
4043095
2156612
4766817
9722183
5723230
8859483
2410229
5197798
2468461
3996134
7844713
1402886
1749139
73082
4811803
1172496
2332999
5465104
3620726
1487372
2655772
7426062
3897104
9988884
6558855
3492829
3923589
6341763
9652723
7021094
6289770
6211955
1693843
1056587
8450275
7417072
2432208
860505
5131007
7416805
4856638
2975721
8819690
6605776
3048802
3631493
294409
7897937
1612734
6431271
9385309
6784642
3857333
3282413
9289663
2932325
9291378
3213252
9274088
1460239
234346
8079995
188331
4444325
1652720
8638606
1861398
4084927
9499110
9508541
1501732
6871885
2484262
2837559
3477661
8049200
8985188
6288206
8463275
597922
2719477
7848584
9898700
9092946
3647134
9188363
2025272
2938513
2401615
3815497
6914888
5152098
4411629
7103219
9596422
6064348
8257962
3973957
2665412
7757072
3482499
6683280
7145094
8482897
9520838
3138892
9048235
8506026
9427097
7511510
1620085
4662711
7876231
1518785
6271794
1523365
3223285
8297065
6978014
5624900
4628699
3892903
3293135
9040328
3512259
5405694
5104676
1770221
9379651
7770088
2043430
5378287
6969505
9188523
6377321
6490344
2327415
5425556
4996370
4270649
5453203
9132592
8933359
3329434
651377
7721290
4852799
3874662
6018356
1830813
2015699
3163192
8239852
7824970
2203520
1752111
3230664
9824333
3522331
5126452
110559
8081897
504739
7080063
7270420
9398197
3570407
2113972
4823753
1082915
6384620
2793094
215507
7834116
6122527
3383020
5555407
3491463
9773818
4089900
7838413
1789517
7253091
6078265
9614486
1972749
346514
5361288
1797082
6384981
487740
4423777
4466879
3508616
4019977
1737299
2906813
7590384
3851271
246703
1189436
2752028
3039796
3921079
586145
1678461
7304098
6141551
5169923
9594054
2747588
3008336
1383571
679
1602739
3514195
1973427
1949252
1391620
6286645
8334232
1879359
3226559
2801111
7904111
7246536
7054547
3327061
7353057
3421955
6089901
8542492
6173982
9129696
4979708
6760126
3324294
2283806
5417814
8494217
4393997
8165401
4018690
5777568
682218
5621428
1807900
5171781
7570679
3199519
1458427
5904912
7595014
7201122
1222160
8015263
4447658
8276706
1342324
1800715
1698661
7432224
2859344
7872643
9078058
7839051
7148906
2402352
2638995
5082858
3412706
7032991
3248259
7431396
5326696
6446613
3052824
9650732
1618395
3139641
5366388
5592958
1560690
2961403
2794080
2782849
3492803
9757875
3575693
4835126
1558590
7790490
4783488
6934071
8179270
3861546
4773122
5328177
8780034
9928253
2927172
2192741
6961245
6175430
2140274
4804078
5138181
7709234
4454811
6756575
848875
9821198
2349533
2409564
5298738
7659749
5192413
8791540
7417624
1284243
6142804
1492352
9074732
926292
8426422
7254003
7303974
5715681
5098317
6084008
5643935
8025488
792886
5121317
6717055
5449296
9925394
1855236
3158531
6896342
8611810
4007405
6717541
3477480
6416969
2016279
3653367
4125519
3323957
3587128
7925898
9466760
5079479
7000630
393052
3505901
4254633
213163
9221582
1869087
6297170
4865517
9894574
9606193
2502971
6611630
7571626
2428365
983003
730157
9324707
2110951
7253699
8558385
8104567
3670668
3090801
1757934
312324
6414757
5345062
8238221
8397654
424541
7754988
8790705
6446579
4525759
9003867
8184298
6394845
7817175
5565952
8805557
9939505
8068922
7933324
7511131
497287
8916326
757426
2338131
1027277
8011124
896516
9131844
4197929
6503454
3405915
7026389
2918211
8750976
5264610
1315866
1691655
5535735
2622708
654371
61494
4142713
8838668
