3215163
1084747
7439877
2860619
9969743
4312753
6086226
1416486
3693353
1333337
8391449
5524699
1556989
9098081
3675483
3102272
8515382
5131021
4915603
5264860
5689072
7920850
4336591
7794634
3468385
7539075
8308273
4394381
2483900
6846180
3338834
5699062
447064
3294848
8559681
416807
7607600
4645907
4349430
3817090
8495380
2740879
9341788
52369
4355097
5533408
3154640
2870479
3180567
586381
651477
1385776
8507230
7504204
9180410
1975615
5043280
7488683
8886132
43317
6851001
4741103
5742379
7298064
8035950
6818197
231009
8159687
3980241
4580438
1976777
2475621
9837453
3834703
5044126
6708687
9368110
8198766
2095304
2548677
8785146
2746780
3934453
9808513
250984
5631000
1784129
7810400
3119683
3186398
369855
9970683
7927501
8628370
9784885
5963451
5446567
15894
6639276
1942945
7112468
8616052
6934702
6949921
2450755
1978828
3658608
4335003
2693731
5753911
6883679
1478877
1016828
3334269
1287391
3783949
8965268
5587656
4110486
4601089
8774053
4480340
7087909
9217691
3108710
6872794
5181143
1071414
6888687
4336556
3014358
4001155
2952608
2465197
3467213
7919500
4444025
9641958
2254503
7137755
5395869
1654319
1132770
8928834
7504725
4936297
2712783
8986130
3040090
9339405
3587219
4330280
3819746
675129
3547972
9444592
7547922
1245252
516007
6952747
5581807
6046501
3470039
8534414
8511698
6937252
8970051
2955723
6579210
1224554
2609615
4491216
2878873
6258521
5936187
383598
1194818
1165107
9369727
6751044
504513
5473084
1081325
4324258
6148212
4629296
3768850
6212271
8390684
6800993
5681155
3972491
2847495
9151194
5023042
1359193
6088446
3993094
6831052
5183793
7733784
1956804
9675008
3128794
8215325
5611196
6028528
1926280
9292439
5398256
1193462
9796951
3387477
2274786
4121209
2051826
9420218
406197
8264096
7810902
7207189
3945252
4299530
2570821
3096446
9322571
6446150
1701029
5831802
3277202
6884821
6081724
7750143
9075966
9210517
8481605
7203299
5239046
407885
6495739
3153439
1601346
6292690
6540915
6392268
2930037
8592740
8328623
5852370
9372973
8655662
3059559
3318225
2955192
8146517
8930807
4793901
4592667
3147973
3141840
7869869
32794
9223563
8136149
1624898
8434081
6617754
1344334
3673127
9541775
7840072
9342702
3659259
6648900
5883617
51527
9578936
6992494
8380150
5431306
6365467
7035812
1007002
2199830
2507142
1669656
3646774
7301042
6262323
6794747
442882
6648329
9343677
9666445
4784478
968575
616664
1402232
2312909
6805927
944007
2669118
6148629
4603265
9318017
2032246
7170929
1413091
1540877
8067216
9360533
7906343
7619165
2883673
106173
126307
4553328
3752947
9943485
815651
3063831
2902505
9980116
2407508
5085087
4764594
5892220
5701750
8682962
721266
2507677
9626969
3390383
8656305
6746371
5224538
3204688
3917300
6637628
4745564
1984516
8514299
5168044
9603681
1397972
7790354
2246125
8467436
4059438
2189611
1799225
7123268
5092115
1779341
2046913
177202
6543935
7939132
8395088
5226897
8660397
3418902
7370003
4566918
2075207
4116375
9791455
7796031
549812
8945220
5057732
2534328
7459519
2741913
4654146
1373628
532267
9416407
9841064
4591704
1606018
1640289
4231109
9214269
3419629
6278022
1907608
2479701
4217154
302696
7706598
5393689
3721597
5076601
9960606
8312940
1709113
2268199
8625108
2258925
1213419
6198977
7309389
1189076
8940890
1963535
2562703
9473156
1379942
2403767
6580998
5502097
6560192
812107
7232503
9979821
7090128
9140111
2459522
3823420
1958944
2682257
1733246
8196678
274996
4209989
6509618
1984108
6478187
7650864
4243032
207743
3849841
4068558
1396818
5306868
8548229
6475658
4780025
9928171
8879424
3877160
7946405
5439617
7205403
7695045
7935575
6811669
6835156
2911234
3151226
1310238
5593491
4884471
9506915
5868486
9094459
6016533
368731
8088783
6183534
4611763
8296525
33376
1196458
9693343
5340243
9744687
8685138
2636405
2188996
7564562
9029701
135401
5520316
6235105
7830445
5972028
3046774
7181739
8883262
6197999
8491976
4476753
3598607
515029
2861376
2693066
6531561
3230106
781849
5231233
358006
1594511
5264608
1554464
1287854
3120988
1299151
2489129
8273530
3488146
53692
7303231
6139683
8090144
6054473
6486265
6578310
1617384
6184141
5461572
331520
7192254
2454462
3930126
7707282
7831974
9139328
6754981
1062080
9921176
1986214
3936223
1515688
9766958
5490686
5319678
2887946
9305973
7808807
3677613
5310256
378636
3496982
3966076
984917
9551454
452341
7563226
1168839
9152619
5540935
4016495
6344873
511534
7946621
6568293
8343507
7085949
3323274
1921725
9523263
5309487
5857947
3555088
5076445
3864770
1390903
480528
5686880
1715847
4158141
997136
2094482
171260
7479348
5595536
9722713
447826
5674899
3407689
9600444
1215835
7424184
8461455
4243505
7886942
5029748
5103150
4972891
8353021
7024874
7012291
6178645
5398958
567379
3771227
1779865
4474419
4251754
9982881
6190265
926032
980017
8284747
3613428
975502
6396420
3336142
1423327
2071319
9259967
1023772
5803290
6684151
9485226
46796
4571093
7031111
7666082
2060122
5384132
7207093
1588550
4078914
5122188
4672066
7850140
6902052
9146484
4618031
6884933
5336749
8060200
381087
6137633
1673628
3872725
2534053
7525906
5296051
7121509
6785874
6319822
2924799
3470025
8321185
5487731
557256
7868433
3153813
5133514
5768702
2877043
6722063
9847615
7999230
1394129
7697755
7417419
540613
4831924
6818489
5877362
5408261
9715712
4531132
7081888
3588437
7065185
4607795
8884488
4186694
1393669
7720447
9627629
7379830
8557770
5115361
7937085
6426203
785311
3070599
2194906
3662354
9792662
2042521
4177721
3702928
2256414
1595141
4243541
9604474
8413629
2637040
5012735
8129342
7168171
2094623
1717779
6749493
9218554
602267
936187
612223
838852
3079954
508191
9396621
711452
961413
5822824
4012899
4032012
533867
191390
6340811
2576388
4369111
43739
7348938
5964251
6803416
6953412
4377880
1956593
4482284
5023359
9124764
6576906
6741138
5874257
8311598
9859541
9326581
1439958
698393
4922672
1948148
2611151
5634123
2909561
950113
9647021
9457709
1483979
9838411
8314657
6576503
4207522
874533
3925441
2687910
7677949
3394990
9581926
9634541
7877273
4605286
1275443
6970317
1346424
9665837
7798052
3722102
1508556
9238009
6936632
6431227
1186158
9547782
4581487
6611855
497895
4228508
6069564
1981874
6583056
4384221
1074514
3306715
5258753
7516092
8510761
5452839
911082
8092688
7603518
1304493
2697974
8878960
790947
6560534
1060935
8588998
282636
2569490
343145
9735404
1516854
4045439
9283187
6098340
657294
2297219
2842986
9242994
6795229
1942179
3627215
7869743
7765031
1402106
5385835
6275792
9371081
8813053
4368480
6974599
2633683
7066453
8369697
5940766
3626987
1946769
7045901
6425760
4516259
7389046
8677301
8549249
1434485
476626
4647590
4607916
2773845
6713
3850910
2085211
4465028
9994262
2471091
2230059
3912505
373063
8505851
3283586
1702254
2874331
2774323
6852073
9940784
3660157
2792840
6083908
5606925
2354878
5025805
2639321
2260061
3703107
1188571
6210683
6695869
8352297
818599
9469713
8359009
4669508
4071062
2824037
7179907
6542152
5054096
1092412
9431352
6076084
6892135
1133606
8950414
9666457
7985678
1407336
3326614
3294655
7382
8933538
5649533
7549323
1572860
7909593
3768567
5277567
4120276
464437
3629864
7455011
2450287
4505010
4640657
6521348
9845183
1820564
5579638
7415416
5429113
5010990
3491500
2321248
8660732
2441915
1987705
6646410
6365387
7830455
2457203
6372768
9280130
8106735
3922092
852990
8532465
7690658
8646693
5168879
671232
2276557
2623890
3121519
6781566
9780683
9642866
9142887
1601248
7738641
6558303
7030360
2749631
49804
1867745
1410363
5007855
3855449
572911
3889379
4202041
3030113
2778285
3482171
3652985
9216513
4335161
4701587
6907171
2981854
9870465
94541
7774548
5010493
3216059
7072251
4791176
2858925
6215138
8908560
597567
2773442
8455057
5863334
5339382
322802
9789834
2863374
6694387
362745
6752752
896428
5908994
9531036
4378599
9561978
8747549
1229897
4263565
8170858
6727887
6650168
8265398
4502435
1660661
1481457
1574687
8967973
6856518
305962
392672
9970221
5595540
8847728
5833556
934922
1686668
5623390
3798295
8381054
8502271
3067185
1793620
4411265
